4342122413222122124234421214233222233212214334211423223241442414324123142113344324114332221341224313322434442313224344223221133114344341144244341331224212334313214234311221221414141143231341241232234344211243143412312412
4422232131344324223224422131314321141242441132141124121231344421143234331244124211241414443223422411134241212234343132233324323213221131333212434214344331443314122111141233323213423132233134434234242333413432433334233234
1412441111442333333413222333212332134331322112114434422243123322241241424341431431142231311444113211422313232244431411433414123343134334114223323142333143243321141122134333422312121222114232243144243141214321412443114332
4234343234421333241424434432132411442442343444114221214124443242132313132132112433344224113341223343332323142314342243444431211443344131124242134441242142112324343324141223244444323121441342334242131131312411343131122332
4341231143421343442434312222322444132313421432344414233442314334331412434241214433113324144231442111111344424132413123242231113122123231411433121321243432314142423112211234341422331124122321424243221322111333244332441424
3343143442112413332141321431421122121433123431323142232212241411224441121224242342221131322122312424221431312223333244232241244443122143341414424243333124222134313444433321233114212244334143144341223444442132143424411213
3213241244312321442424323114244423144133334111433221141321434241334321134412313444243322223231344344231322342222111441433441112133314323222111331342122132432211422224131332224133244331411123242224134412322222244331413432
2313412324314421413134311441443141133434344342234412214344314243333123221233422144131213332123133122221144412323122312433243132412114424213341141143324432344344111444114143224332111222434243241313322441412434143133312221
4433243223224244312432113121141321122214311412414434214241241224212341412432442432113231441213121242332243234112314241311442441322411314113222244432311333443344114324321323341214324343434121214334434133142433414241314442
4232444243443144231313242142413114243233421431433323411444441114423231114344314344143112223211313423241112114413443232221114231433441411444241142223422423311213421234112334122221323411413142143421222442343324143334432122
3322123133244431232444243122121234223311233142321334242224232423344133343111342114441234412122213423344333112343442333221343433124421423443111421234124214321334241342241332334111444312323112312341122233311433333434211341
315515326274138838253112852388526653115182874633867345515451541768616235142483633586652627181728563253415854224754566681848228222325885185784534285235463578587114563786237444771255178388524628328336522856683288225665164364474158822147885668117124574782425481353116618214265316238742226233257237636581133138751312172218644536661567384425122723578667661615572672483187661786684111213567747663643531614458656235335677486124412566514177535124877127473276868465447846535587651883245718448876444834171125441463333814616848437477358818387544753231325658616111544182571476436547415564285242562666428126761576352324868477572585562714133445368747326637384428
311833361416311433423384468412211852413845357813514328646811622834258676131518566657611233278233245151822558267882374765531256767175758421178753263153877625658261677262345687122485786525116337811657828214171582755377485425548152485446464356412867211368238385222331161512122322832762744145517353472646486732834828574554363661276174721381824443723568178332858327558157286235274888257236544848426254158846713221876136471722828368283363747466535231111377342684211244327145256818831735215681237734422623567567142186621127354386123724314846566663646382272223372618737647387358314254276563155186325737266888724518162723884283212474724513238867883315164625
433224416228541858378527214843755871221781437614536738621266737574585781343441334357156353633237668814417446717314554155114683352271264536586527467467878211872656786265133262511166156788748348314878238583455558316755445451756717344258465348722631342872872472466163834827553528335345152711522164572466476334181867463184131685521256315521452355578268831771542376462283723852372513114833268413485177382567223321756165277683782525138215341825738817455637762244671813818877387236536183181667683183153682232144314675455212158871631731572166661673176265132182317863377714335477287272364232423485235747856218226861873411111431147135366267684362545544524818
628427852355337373668741342654722523254351771236254775851288244881632248612216624478573236144465128861127324832864285735275428433561334551785238644457456264113273516243375868246467683461246133133817365867121121251736676543273386662336468484664783824452776348112448438444156224123773181322317528488657438758332612231264867468577555354541168281475462584486388356333628876376684856544224681657573875256523262176772312337223837676551178673888557555426317723835683812445278825387418758124417714884612437756478733684516352172285423666224122548375865352422277526447327344163512124215471438344383127782312614737482785651527757426612724685471761871382171466
823467726381832334652841712517622513448578265868473188878162351287228187217582532554213824725883575585312484835284265618142261317854343532744654751768853313343543318426724753356867262826758784273253631414518187253887572856686165181574638224537848761623464672111261431821545266517684666828452162366322686264585725387253841524342474763277413233348486525287737753153416855282542581826517873281114541526858884155878527867661376272641821757681382717753288631577284536737463752126647662116427553187348565141712832385157323554783854128188667168723522345217687867658486877613442181473633844663568571665623257464771257571881768385151147572641583246245444777
223321534361128152217785482527153438473248123227518771386375568457327576171111465677835653864813357674881443822344133724154575241583536667471544284158611526713488528478533422568254736163276522317628153331228254531583167388245514326616123356678778576276258325646855626128576267383154362816451216884181338867723115681246485268485126518831647757586184423368453861452534744136651118717673818874721241533228128286237757112146878766141488534725186783438566657176481864852133767633681683318432444348472537744474468632836864418888861286763817847755263543657835317781587374377513877327482675447756341738788125737573676363318472844167465684226716334351348685
266233145452642246414713443231355125147723881324885524361642172125578323545174616644548563474846454424312878821614547338768855437254834134233274327864522746724377287754843477213712552887374331334283888522556615748521385164685632812412828682171385477122525236764272182131115357326113747178475374532237763118671354346273234386535825361654483223236765461113812711485625465448738713777728477741568775628552565775425771657238747162633786714625228375875272835263824558141266824286784288858583821265727752332533134588676522681815781221371448357524482124137761727312375473677318735821246772832486326415187151248841477171637221768828131285622511116632311454
182351137574413618567586523231372751384212317318287613356625727238411243223685241563151836725118654351321882575264185427721761877836612737438288516674185551287338737868351335341244431183251674378436252373628455624331414826416566177447252861374361647121211542871824363845775433382156387484582875735171313366515218781537633417886171325548357861588283186147167185783642255841388817373262633873222564146567184886273133715268858161211414176425224471466553874611511427365721283664645282557645633224332541832811224856287256733435351311371154535526211133477277226211878636251324828532464328554311488535432638336868636182171118282716448841542861766277643686
557118857187144525451336481128278171538756681281238842222573278147323778256181542146381621751624355165673731563383548548856817788256564458827861577683766867164853522481287685176653233738873664867566566416288555368687575688477214715786781337265467887176167372613145355722275374324177358437642322764662786677262431674862721571153135537488837555461486575661712166442118384751628351776275137766245866886782836767837854676858563188118648242776452288176748755248581886773742382842836725287657668586246382435776136136154454872546143246252565828123311135368848363187183411864825253422888175377886571545878752274583466353812173373676522285345738351838784443
642186358567451466883555658518266873471354362638611856484853634181441676737478715586246325871163411848867611678651415276277643261178868353254375126557778138588241622242226273836288482877841335547441138545675472652133737454154623252155638627817552785154626563736764474215137815856653616877134287174788243853474244272416228576221223373412126335828378637877727611686717576647212881248437837326588587384167517855612132841656785656176682185843734342213364248236532646742558286266562613367882378243353273245245
344784546526161148845785828852614658363644474428687745485367567873571831214236253732877422737248456164247273783767775423218874685244675618535571312444827756735324521183256562486636322771871452556748128223232581416758877382133881663115415371467242464335811348883371127476115865145377847646645387641453338745523123632755337817534823182134727276236486268845231765346884614667683342652446163136528731353311672562576373433412416837866871643718242664563668612855837761274175821242611474467721777185845818426811
362652455856768887735432325377436518726273181371768865585753531858366736752241876372615771437346272575236663241226312415848712646123436623718185857144213288866818383564275872642733325175228615821737468872177582651673871563482858268423567766513574524536346147614453614354737475816762772686331761127132835466172172867358442178585812755312162576653826433773334442376867566352814741424616816156151273333271455327752471872126371635652668631764733333532212383582836514314245818722846316732724546274366234446474
381712282432711772774512122741142327472273613532178852861738885263512176121711463714333583272141837416874628466137341282451263535286133384452442273846881431585666351373277866625442871523143386638453511165673476864235456171767838637625223867234558574332314722216738225264354523582464144443712573856834166121574637176463818817578367784251671716423618843466431851787432526845878358715131716625554535411311773742888853385446327656567586257755851811455561436134814124568173786625674622237264274867625372753156
658247176358321231577555125622782481558725171475857158681678785675148123262581346872647582436541436115735767118216357647861831831566653843854765782622323367151318856884538257755514422258188677271272521355661261227513533687244264527634355685547578744555251542285188121821457557566846235433782222673231352723557246464878138636651167731737518561741687351725814882881474382837458527137238714674556716652232641773384765257813855252474186636631347431858647668577765213553211232586288277268861163887625333874414
258788835224475265141365233764456835747244446576115184881824774547547487245321114172222586821416764243146735241841141863613482781278368677178554666384482725247612154172378536628317463515566653278565781146586611246844718781383485328625488538744628171572327381221421376282166567581646651731842856283362338844737113277488487612387858237633231421176885785521365348437762743735781332277332128227831235221644545185281348443418584732886771328171617321165623423668772148412253881442265272785381857726288436153767
842647352725884168114681575288237624686766716217726155473237138483311663342727762282277685162385528234816568271543585328535713345587662171623164672136748662881121232222345735767265835423778264166474417636485527334883682571843175428866216534627275721858663466162257848515228112582771172643683377555841171845654765647835161364128826853842876357237854238831111318515323537525424477252162728347242737771342572723171512876477418642878412711125684828765313353463423744513826441813854681784886381441268213252783
