8555867556658787785888886775577568765768578876867558567867665757568585585678655685678885865588766557678558775676568688775858855668886586788885678585568667685886758586875757558787567586765866766577887887888666675756866776
5775668577866777877577578787685686886585677668757575788768858865685577755857885757668765688656888786886767666855687686857678588775787756885865555586775876757786567778757755855757656567887867858786767756856678767876558855
7876656657587866558675655576877658656787885875686657575557867787855665887857868766787568777668768567577877856556758866878675858878676556867856576566578767588866887656767686888866877857865885878567877657565656758867577786
6858577768876766765875855777875785576588575776868557788655765768677866557875765776588675577767665855755556587566666678877576866655758685658658857785778658757878675858667685575856578675777668858786758668866586855776657565
7565587787887588655566787866887566577585558778566775678585567687777756786757887668886567856877855766556665765575668858858667778755558686686875678766888576867558666776865658688558766858785775668556775555655687665688757877
8786887575665585875666567866656868677655776587557656776756886875677778777867655858575778766686558558558756856686557657678567577875878856888766765768757557766875578865765858575677786885865676665877655567768786667766886867
5578868865587665686668766566856776888568858676785555877856676685765656875657576567857755857767756776655857787677857658768555577877585856767578666868666688678766568856555876768578555575687785876787876777655768788875765575
7888867568888887886757788588867658865855858578768885666676585678587658686787776776658768785755787657755577657668665565887677886655558555778776878785655785877765566668877767865676865688565685556676566887588666857567575757
6876777658687585686576767688566655787657856567756556788888677885577556766876857857866786658765666655567576686658576886667886886875758656757857776855855555558877585657877655678578686676887778887575668785575667657878585688
6668558678665786668665665555876666555685568585856866766658668568686787865566755877878667856677858757758565676886766756858788775586758575587566565658557887685587657676557557687856855588756765577768576678765778556885657785
8766655588665878687686567657767755778768657665778658776587565685578785755787876585755656855585878857787867585688576886676857888576766658857567768755587877887765558676558778587858767555568885657556878855788677785688768668
