1422223132441212134331414214134143142322144322333443314443211133422413313313341333434411321334314132131123432241333443233141414344414423132444322333441123322411212212143342124221422233434431321244333341431211213232432341
1232424221223222244422431314341214142442221124311243413341413332441234111134444242223342221232234331133122123344133224242214132122341431224424434233312124143313331214112233123432311321344334223242413431431421412343233224
3342321133214121343341434234242143214214123131314121243143434412343321142313214222233144211414331231434441233114444223143124342244213144133233114114242343112124214342122244233321433221222232441333341131213244423323324422
4321424122313443242141321324231334222322142212212422233143311121124124314233323143333223113433132414112112232332232313211341234113411323224423322122214442343211222242312224212232442332423123141341122432343421141122323124
2432242242424243343344413431422413114441424222113213213121313313323311423133124433244231324244132441142411122341413111133142224324243122343232243322412121423234223413222324442414243211334242244133143214242131341333141211
4414132223311322334142333211344411312223222242333112421344342113213412143141232334334321232212112444322334112343121231214323212433343422331232433214344441433113313113142414434114231111423112333141113233422144444411221442
4421113223332312134423231344413222212433111423214311313134431111212121321424412313231241134312342121234213142244222443232132213442412213414112134414122234144213123112422423344413232313314322132423311142241231224332421342
2342433244231431341412221114121212434323134232332342113413122441121323324133234134141312211243431133132431343113144321123344423414441322132134343244341143321144441112212334342241441311342213333113113424324422314213213124
3233433311331424242134431121241243133121412314331411413313424242441323443333114142134424331334441424242444423441321314441313131132322434222121222113212312333444314113132214321433423221214123334334442442222131133212424434
1323412323232144242233321124133121222321334122412132411241113311344122121142443134424113243122413342124122333221134432243442411243412141124324143243413334344323113221312223144124223311322341243144112334434111414212421213
1344122123144313412413334212341121433324134414414123311242443144344411432314323234411241321214331144422344131342443333223442214213233212344211322422134241344222221123214442313124431323232232413333144311212432331341413432
517581326343266588483766143744568114174372668646741313532538662767721122855533172287153487278328734581244753771487341172488346735223411681372855234551865146427574316718122558361231428828513457158264441258461374572675564456873283755654513627765817122476584884315771832427771455555748815755363224248845512344655116123375823768461541683183574187517274783546766644724756156846263267457444714718216566327745821716454831854374525852551436653361457468412274682873182113553858483166343187552874287741463411247818165177368323557158545313526662572663228621241566555441688816187513432881764468662551416134256376436778752815511484361738242748565551683811811744
731667572717546572676663513843731116115413445781447148843278372334184266425555423564235275316365411876836131214784116818752118187738478526644685314425711266863783832615673873422177565536374336771541525485722688838733411138237145236357262345823283167276746324314156261768785412385525743788661485251343855134134438787632585454526251214124242475758418243146178824612187358278554858212383784178552861534228776845882276786227747836474485755368316711165635482525584676766857527188832881571847163681487441435254778676776743253576548755736825742186245376768474387764345143543426647853322327352734883783427611643275241568147827888282511317513855667713546566
178162885866512741871745731112625621563581855636236454682422287762274646154636784745481852726133238511236237248353132341723677145524115415643142513532534472563858548742121744328574314855366466184743366131471432856781524833166856261362173216612277657431784867776421463234814285687712384573788775561326288462524355526272435764684883688814246547824164874625118417843667355782377526513442417561132183512565166584743132554715628416134188165284788178422546325834217821178151172851785571126258424527752433561776863652852672388848626754318842262658653464123772366514824236347844667416613115727758811743267383736875165763776537554773345148322465311864574653
762416336286724826626313687858276772482311436658412632636322848425416787348177866664682782352162736857814182577848713863538837684664241663184133817734256568878883713437638412538777837873417654745747624322447817361646665838235817277838236538723755641357138534488383786377624548532585578527265235411322843121751852365671744844856658768637164825178613238461577253366563681211331348775825753365841463412517446471575684363818874763875748188764528427876174314621752878488723884137317125355435388844176125471544532216532235388281623665746558168354485478621523761622122537123857713615275436111277758877167184227654337746532283526668163338144452725634518358
673662511257426163365316888643877415337253111165856356754477841643344628223413864581744874681131771476441644373655772237615633732476621824147553282475375156144655548263613542135511313538532811346873323852584366434476412466261115656237362884834265478378767211853658685174815652363174281178343245632445132685878112548746722788362524572475268252284778846887137836243514471624142411672365441352655762152466857312878657538343385317657328652834283754613375823134316212811585461276152511248158544426631851623787223583423436586342438834772862576232584767257568822322383218624316222688281457441856613386281373131171558187857215288144832355163358165755754524
731376626618512213153332472234745422225223686778666881616227382851688154688148556742663573156485125362373886264627264364627456311577276517354112641847434433877214537453185863644566545284261255618317465244432333541817241525421455786811652473464247861136253288458487276138343578123284211765511658427381521215442767751261312268514471818252222377461831734854118415387358831456168126758174654383385174342444241685288413873332853615418777684651136328457143474485767357436828664886484476224117771874771646784124164245757147118147352861166852136737317871413734872578341333442856872333356827534843461738454518877317381425365656177267584814638111724726276752
121855473677231344383351261648545133151648787773364322376541812578842461445845282333337455125175288584571221574883812644231844464863512143637621188861638768642551731367741153678335221347348347127814276458778135671214873526378283125384722458154616545253183881557525874436647456245573357646426734683818737761665885442744112488127557183134656572582327664431345363877528244318267278116184531426211848336135528413552668653271612234718576166435472188818725875146163466876488815263766282853515435176516422158334635274287724721456446463245888567421278245831645243427476143773516376563365562648183866736383326557617762667283474766518681551435243315267635164
338334566522116744462232584488276451278231553888686362568613433858768581582738183864213238587718318531213722343647665287861654631155163638878172455451755556848866116265554468762475321435825447114123562657573534443635427661578552641253543332878836571227652243123563772852426835413814314385346625557134612571482628251835114847227116558711288451234616154664266748264468434574546416657452731722367546572547556887787473182656684483812534867588513426867146485387848115557588161152687271832852272323547172632233666737538187218115737544184872382255283482641432523564728315574456535172387643663878355517433483546462223537547754462821727743364361134333121767
713644252741878835838185688843262555746276666412582213548651461123174743233551726218323784738578723554516418287775355241464866588653346177738637387137771142442485763382536262345821314823888863183633857286274884865268268432328231287883247485682122823883525812835565746248334184566274787844165371475514847168141871654843121784275252333212425683582826583766675734354337812644641836861518143828418565714411882354456513873828886142614134286583542226478514732274722864365611787711572883853624417371348828271416446824726642124472712143587463777153814164636375468441826615751228367856232751747775167757284324755874582822835816415526471322861454335631142321
346138258771456452534362686824448235454348523487238833661353314171641743812425544731747723562165385883753672826523734333635117826424375768371488536184745386573734511531388236376573767237556884733371235464615153181735737358656762487448424148888852141113642265551434261444834245552814366835381752775381845877666121178233378121114632854552123416478683646628654378336651148275656383131684758678578346567118174848755661214243831885682365462368814385832413466853583415315773515641613813778351547355442711572468
614238257721251648556637688288357572568275436777252483132828533261323373423426443524121261288258481822458656134814282388323817823127481721727662286837348721538237162225144441841748155551341768721748341814682276756221752632671415136547317551682526731372432642255131183432632154887273748166424722837771538878351144331156748724672838422548547887741282565563327423274145241776348844224861378633822871162728652736273433136638853485733724532678384415542736537228212437458448832722275522681325654888812738584352
325135474812821121382624525251383356317117183183535734585457113665572262888157186433142864328823447121241114411583652481882644224253175285325147265574851655284441436713721373855113834388547452667382486455887121788561236785715618218662221767137618276537333431574265865245325565436578333771461643626518122275438814873127162421824634721661232352188351357354683374486347465811168472387582873228227348185477347857325533523338582211362141728256161354761424451753535552652651714366828646885182382326287816227328
673312236652325527681786888271762384418848651517776752611758145123865155446575516448274544628573355755422278381488337857618428456266751342135358373582543231857388413155122468765674618732512168755562636356431448872254372874326373378763148218634647155312565166266683478588866474213888624548518584838423262788326357241243658867345317682511555371556373642611144513155324168382118666784824618844541137172633113475478616113121368616756145161823564128434687385648873236545861421726362386786284446478343621383157
877764333843213366114233817715768666237882168143837721311577335633816852427811186216711853322342818615146126612886635414275632271235176548117823735418272463561748548153378623772426218345121184154866124341336753541516237412865231483677426232577844568514533721425338641727717315545876237688142835472435476375453384226174324556253854412724756361325583758781852745888712268413543215752664511563343174675582761822212657851835756115348271418454376345758775271553142757333336187538572753576241243552718334557513
186717725843412685666122221186318673755845211355311365342618545284725815764621416448631783573353143574674387785454364822118442864756724376636828516785251135864687641674775775232437477355264742454332757562387711232636686874657262434842782768668473436548268118246722636465125116715876618141382544752886524185836467235175334113713316683513562516275578577851766334737777437553122344346376428715784772587138771772847875488723875233681436111774641144157184837513283428574474126545257721558217888772578783285481
244323266542331752884616527658334777578286177466752657537323433187163378186163145747284784353718125451554283482388327248557654561882588116714387531647825412674347118163126154752767175584258531245255652657726523687368371858517282447417364165836834146558846424418124488283717813287384376653328874528781466734212325586113524387464748735124263716655574624874148148815746881511211648475886565414224683585666248855827781446368317178353826768738568334755843251871354136611417311161437558514738631522668543676352
