5557777688687875575575668667786665866765865668756658587856658556757755567657686866786855885857556888585686875555585578665787685667755586868675678557577776666588585666588855777557858777887875567585877557875657866568787587
5776566675858778557686886888757776587656885556658765587575785865785678656885566586875655578555557766886667785576686887666775656655656888858566565667778666858776686665786557868578676785658865777668676886787567585576756658
7557656756866667778686778856655777585578767886656888886666767677585765787758877675585587888776886565886566586578587785865665655686787876866785855587856788867685858656575778677667677757677687885658665657668665567757776585
5667865767856667765857585658878688686885668575568876557575875668568655788885677766766678755875565655776865855867878887668568565677877786568887566787888787777557656786876676676666555578775657855565588785565788578886677888
7787587558667777877555656775668777667876767875875878778667775576875657655677588566865867778755555657687656676568775776585576857787558577555688865765576567765885888777655867676685875766587678865658687757887876666768888757
8667868587665885766786757675668788678587775586886667588886588567566855778657556767678557555767868887785856786557867875877587667868555688775677566765767855758887675778668788665766858578658678588765777558856568856688856857
7776576656878855785855557555656757888687566675756768878778568675587865567855676657875887588666786678766675656657767855566558565655556567776556768865555777886675888556785778767865855576757855687775866677566556768576655568
8656687757576785867668777886588757556578667676677667578677686665886778758587578676678575657565575657757686866668777578667577788556676758655658876585568877868567776658868656787875757766767565885858575587666866667677678665
7655755665657568756786877755766585657858867786777588685585856788665555675685565765855756688678585658755868856687668587555685756585775665575878686566757878756688768667865858678555888678586876666755755757768567567886685787
7788586675885855687857586867876768865678756558888856585886785755755656755856788776875588757786785678667687675866666657588655558776568885878788657665868775686755578778558775558655858568676858856765578778668658866676867586
6786656887856776885586767755886566756775558675767676868876687588665766577568676875865767887866658866565555855775676585688858867888565857867575767765665678865885575758756656856677678588665557875667588577588767858875857676
