2311333321222423214234221244211232141221444323111314313143434232141424244242322334113341444311143123114214214322242342144434141132214313134421123344314114231444331321234232132143231423423442224444433321134133311123212412
2131131441212121343431134421322244344144141223341324432241223414123112134311132234222431444322411314441412421221421441424223422224231413442334344213241334114342411111412432123233222414131111113211241243213333221323143113
3344423411344113312142131224131223444213143123444212432211124241314232323343433323134212143113343414432231443311444222342212344334244322234411341211341221113214241124242123132242311313342223112221433133144422312141244213
3113133242231421132142444323441321131323331124232131422114343331434123234243343334242433344331214212432434241241331442433313434234241412221411141312142212142424323344434311244421123314314234321414141113321344223414323123
3241441313411222412211333222133233442414433233443422311131424113323344323132214444344433224124411331431441134111321231112411423434121333332412311242312312432124244311444124332111124243413413442444234322244223432342244424
2432334411311314113332421411234112444221143144341122131232232231122321142243144442422214333434311342444441434312341321321133332434421443241131233412212242141442114121241123444431431111221233433413444221122323112424224443
3432231124321213334213213331232222343223121413211444321244234234322114422411224331241134214133212234133421234342142112434123241143413143233111122223224112113423423242321421434221112222444223413212243212134423313244214221
4321211131121221212132323123241222322241334142342341443142313122431234231214323421122231243214112234141413113324442331111413421122213144122233433442143421111414312313343233324133344333434232324444221313123114412212444321
3231224233423113114142422322431122343233224334113131323411412342112221121441424234232324224112421321412214323442321431112423231311412343124412121333344343231244232421333232321243134311412432144321332223211222344314413123
1332211233233233143333414334124113212223434211121442324242313433412124444221144212214421233441232314234234444213432213222221322242312231334212131212331113421242242222344321434231243233233241233312411213122443314242124223
1341113441144231423343223243332433333223313423333231333224144234334441113222441412113143344331443111413211221334242433332421132133121213243243342141111311423343334144433113431431422412111444132432232144144344114423123111
548388385571141357261276766622241363483623851157413821725855688851865161246783323533365481664717442378412466346758588282548426427118171626111263453688782427281574171475425874682633584657571185368741538783845867383641184783336553663855153247858168854528412251474457158844465513884454374714426383155773274137858163463785662638555848554533282254133416628412342756542358776466757267446584456652677444422773214211854885485138234161167611787871455173533823365633857533615183113743878732777876375361755152246136347866314234456778254821834382783318378772656877676458288655767873226682181126168223141514737784477111875816287526831245847284133886547484366314
878111315512884312424131244654443872358171663887781533115165443237318483874273417338841241337463862244632555727284457833346586145516148152326812237853476383343445584688823524178281861528784358883461136642677715825875682123161214267575747552633317321565418765154151756733682462247175382567778141471448767715462478257481445235847131222735613167837275175834638264174343655651672767361134734464532815477878734637242384728257884576782182686322532767587758324515355134351615141422217885451565662371447641622645334413178722362675777214553568256633827255552461445252675228715221167554517832342888758737453513116758226474562543633445115274368576771325473216
834376765572736176351564532852174315361453587217571516247814738424722624186628243477846141684475537711851487173782764744777183848172276481533275352428484865766151332237547512575542585167337454832687143271223648432286573211766177687177612351755421473875271852228646475528342862376752323366774268878423515651824525375444235141651452283735617862131781288652124182141162865386843531358214576668326466758515367368466565366481132287642423152288283715544742757651325112648285722366414517142173527511843747341761131421434861677123413322287126877277858428524784248112114477481374351515173672772756627365284447346732571418582572557412214435287615782245652287
181848148554338762838368714448744713341144868646472282251226143462617643568162515375752156526752257272277888233826716814562771757652554158633583821578152315644216534588715383515552824172534533141324285455127221514384313565237545276384566154464177411436867854177354662766174283357377887556384776647421737818453727223538412784623712254468833416537342322214178851354132647536317168553736465885326554384145857477528186512125425451362563724128262213762158884532563675756683485426437435762651565241526754783268361557236531551258874384364324188617457572431228654273288833674587487666625715283266863411377114668262467175618468352683763337586553846653218762
672282781188226216525656127455651818442768514451753765316611245775237344483244411345885324453441321787365567681385185118388622215333714283812667681637558583176262745346712284565572563765127335864418315543678544822623147777554518332426163588627271372443452826278348653721881587862782618377478231161141162111865474444841483464865537643861451756624758158618673117821522328764433416814443461242873843135655157513336645478585438673721324715442838533884866587442646232741877675651137865554421631225557378435537412616776728362155734814772816686438455874632766524244682136724267554374817413411443642686626262141381562861552723558354482256512645776144285517
567668786312162832251572638178443722684757858217524275338722588611464841185246682616254868223581838557272841244343526624125562231165114336274766133633561433113454362818134347142382867751146222313423681447468273213618748783718634425161576418574822575113147114237477143888283546236156173751334631371846314137837824344463874357563317886536216714137567146861823371466451363444175417282518622781261657371154457458656215345781126471578583555851142851342678221177216737751236377388152761176352637163821163311421584518432266568126216842252718733751418264277568318257568236185776732841578336215528775467348156431874168238555176614442768126611247767316635875
361645352868458425582353726735731865237735675721273777668768653264825875563584221232422418874533251617477311253267387576745883644872338872142244316644231883128121153825828648432561337227266121375462628467511476176827837213258682558444285175258256454442653338382428262667726755116186778135412323828472245433345136423786322818314665661851437635548237438645223488422247888726457878361864745143314886874478312557126642422381248382645668355454647123136254443125151621386333864836523156352418837138418314466472524616857857618528376768186713311216543737181534587733352366834161436735766147742514643738227174421437268176432333724511855714123341257734242512
416121615751267172473381888654561761831148735423228182521121443855756543126377535318385514625111726654531621185515737181334137187448711835388572682671753278411648866755186782828143732428838377516145541773473667472431663542212855127423514586474855162876484276736341745855327276324366331375613555264834682553215681187852113834741581532735324741165571787153538647228336242783565113847871173765117637723328586644342781426847788745645542772168455774266457118265151685657266128324772736176516463753456577137624811866253324446565263158643446348665625773337427436726336467186336644317726733225525827738343571338774628417314516434423152178252221554421651654
818453617227871644854442122377264611448742776358215221555147715784547472658873434411831774623621423282683422346421768537458174448145827742745581462873476261134616661133667622578618326215828121781128343777416484483271476872552187785828884154263846868266687888165614781634435274453551266671311624311724285246638821461243341786624657324531521312457588622538511885576566561735762254478687311373584431211735375868876811643331841715118283558331625438731187246346214644527614158237884756588272511313824265273142754162125475474483641586455813476472327438527252187528855462188466161684854166327621678548731158383525825485661561645648625474586761364524146721
857665443331526164368635613616312211372834657227667881372853687715624782646882774638818332611563864743817225373412885511451822661826824458232631612766573781848776632155524444718687656763275175434467562718561363261827427282234718146544128848614421765574236724347483525533126248565468418855683875212327711557248326828282333546548615863463613573143637444883626781725818366283677277873423828552336466346681444481888155316865123413383324158346174566655626241771117265231871888541712218745315878563542831383488
625531646261224662286654483226235816242558515246526431871742864876411868273513785174682261773835688853756643263311574524433116126673277653634352426653137315373476318816555546774662443445561128718434764355242468277161567433774122887487574156548632826535311457326752185483636282115547588667461733855473636663621237687461721165321665683512558377134567373665746276758715841883712212855285471275236251543212531656666221257542683516616841161558236685187167861874358158666643314436147374617416432276174278452348
387826563644624622531374231587232688231148487211853241238254323511146837412745212633137211451168613748378137127684188267434348346128483827282787825488715428141631838214762844574583884333354328434465671158686288346742825172722388724651224283477463323186662152885526234135446653531231662653144122472465678453462148382853376448876527334211735868442465131661573773514677744717475367157545147681724683742255842364654872431276471622571654111423872655421255656743434533127772136687553132614557683674117277681117
888774483441256641733785825847122223733661841334251374515382143451553638333348737442845433445813264617655441642148513145457385746532287171713478427878861824266313435125674463362483627568436174428572736452466454256786238373665441367747826437314262126863471348483183563431155328885347473551472774133422166554381733126568223422614463262318173574521634273261125258217362254865678264485273743244442478431618817468417143175132554847261666764267464751761655467348814115145686455877646447167472761488885264482332
526887366682252587383242863814435768177724335784323135553444586223232666865526485757314725113572281633147615733465565834432733348212326428687122787526386266437618355284116838551721788256716867828765352151166625618274131312242346161337581587547754347445351254345334582745341484432434734445252683825146534387347542814568577743248655784643753716316221883532427313284211836247825841714578485162323458282446574712544148447644741673647838564813457188624578556731477554147436356378463785515812183333121514174878
865112736825185817122533316136184467118276517661244766144564732712642534565274333483368164318142664877637648582362643118711734381485115853854232185836673132312427875144551465142146563662551864881664763465174645316134424481831775272758363136553185168867311424513155348475651531484783381162188378561831877445526872877736735472786785177364724532728332131633133386653182258861778167818262423461231542585142158326768646488352863528174436774821244853186151143246226621337322618174452375682584756812352226285753
731767587755887625352348657844147343351736562511122462451782681272512688574173586245642571158256838226733441255547711312474454375286775312154211767233764548753368587347763761472763261524765418386216523773876178225711311783487737846617726215175274844814725146336856218568613274367616315866127443421257214227771118171716228664673546534536587574514872137384237481584138454313673355626248632836151286581217383556743111734132743812711467378877843358451228373422746567218121557525532682348375782324488426888861
