5685858657887667886885858786875578768586588768665658588856778667765865575878585687666677555577587885577575558566567868685578888678767877788655755565767585775556675755866658657678658675677555768688565756778686756786758856
7576877866757688676787688887775588675557566568777786855686855887685887757587776575676775557687768777587686678568855585776866858667577688876688587786566866576578755558787867855555666788885565888855575565785675685685565885
8785657856658778758776685778556855778785858868567888775865767576878585757556587766585565668686556565758866586778858656575665585657665856867777676655886768787768687857567658568686856756876858767666785665786857657778657875
6755775585557586658866586788657777567757855588877677658655685665568875678885587568578665588787675857786656768665678885578856565657886855776678575575865758788678775586567877585685567867577755756758768658587778665886588666
5665878768657856557886675777877587568885576877776676787657857676577657778767767588676586887775688668778868688777665575775878588776856676857566775556755658658778685567786575768867778677858667556576557885556866686688765576
5588667887675666868566886887568656756885888756568677658575766555578568776777585567866887876768656885556676865675668876757866775557558875787557557676875685887877576858567757688588585865658567575568566767857667875587567855
5658675786878767588665665868557766778568568575578876587587575775565558588856855766886865867555887878687777588777766888676657766786856776785668585675558788687888657576856677778776756578888578865575677586877685778886756786
6556788678855668656766888667556657857676676768868588586876588855557686675788756868868578777688766777555656678877768555585556868876657857666766857587656566765868656886765676877657577765557878666667756786566656675576586778
6756586676885766666855758555778656676587866876587658655768758656775665556588875556558558688667858557667758767685658665766655558555768856656655678758555877678878778876667665566877886876556858857868688656555885758688788765
8787765757676877585678556888756585687756765665757886656858658566677678867885778777565556856588666757655768685876586778777778865767688867756755568767555786885757568777788867856758868567756787588676688876655788656655888676
6875676658766757768566786585786885658758575555766568688785878568555566657885668577578577777575557877856765678568778676886757558867878677665566556567776657775687887578885876655765586685666577558767686776776775778888576668
