3442114442222413422421323231334322242334211134133413213422341113342144243322232223122321132422423323312141113414421343331233234144241232244214321422223122312113421132114223342423211431131324432413324412122121222432344431
3112341132431232443323412133411212414213223122422112213244312242224142244112342111344433312111133214333124114132431321441232142344221113424411342211122413114443442442224132233331114322143211211242422122222444232123333321
3112122222334334344422142322444431444434212334422341243211221343213231432312244133412321142444123314233431341242144132341214311234422424321212113133323432111212443111314343444111311231342311414441223213211443143324323441
2244422321222233312323322221433342231231312231322324313334113334243211311123114213444112422433212444241223333421332444444113441213412214432212311431122434343221224434223413342212423413242213213432213223414114233244431342
2243131213241121113413413243442223412414124333414333243214222113214411344121112442244311121411122223332342334441243321424421442443131122132333311242233241131323324422144422444314331244414332121233242312343124131124322223
4142132341421414131133331144344142312411223241443121324133444123434132144143214133333233414321224241314433334241131222332344122333221144322441211133144122324212134243434133341432142423213121122143421322312331413344414233
4442112322213334123124324412342213414214343221424223344143212331422244442313411141143332114222212131144432221221133211212443333432122231131223443144434344433131242422211213324432344443244214214313331244233243333344442433
3411442431422414412134411344223244334113132223234331121322121113241113343124113134411441211434243323241222242412213422313144212221441442124134212221433422411121323411111314221442311222122422344341211332344243424234114143
1213113433214314211344343214333214143414412443311223344132311122221312132132413312212221132121313334423434112232331142414441222242312113421323314223324141421214124414214321334134441412414232223131133323412434342322233113
1411212123222412343243141143331333412223232124141314441414344411224442342431423244412434313433344332124324433423223133143112331314433412113242211443413311213233124212443412231221342124423133442222321234443133224212234212
2334224114133132344344234133213343221244111433432121433332144341133212211331343243232443124243143224442312432413343212441423341333424314333423422223441333233443243423412144244114211413223241133122222443212143411432233433
771146715538426335733137141644553724356441525256241523167262612757331254688416146127887427378618224674858471474165841177823553573343262746823767673341418534572477841826316828721727455221354561676345821288742662557363287683682742278586414852855547842783688682537732653558117285663385615332882211855182475184367658163185213263261451816414546352443335544766731613255261341477727138416644738678413214452567631732168742833685711146565334766635345762427542415334527533536736172125717438721877128515341457235478624112122281712163566467556647686353333744881182821128661788185543283674157368144134457248668725517766316372781812134583778417374551127372872743
457286434678761571263257236477168646583433682484341456388323228761453827341517257173342213557767776871473467318665345784353547267578217761183884274575268551724415271132356841688857778667137821461576747375862873364686515883826376544634466361344538162248213766877364742744615753353225413871266673883487684814771645547266733387573186147866447618418517385562612128228461528371222126562738154858185468623337167563182715431724612517622543478537573838684278354245774363736455174463418122676817456311847358176614312723634232553284518732663433353441617134281365561188715477313741328265661753448731227227666262484283448563868255414587833865376351678645766743
527872335113748718876528473417857745326264364417447517372223623818271674173116213488252157833635671138812448124675674841545727372686211223444212487424425367165412442137582386825867635267512413156382138121362324823444627478478237521677278728758327576137454548183741255465851366375645817334664263425287554874458671163514346512122451252537567844657424473387818564287441412635275633456166451565748864552268553526443523223628115744745124621371238326838368136141651234263611443277344431233574713236626852632277883636671275742347668358673454568724558841438472434855764877345247273536642231468585861868815825622127537384334681434262182738414663452872215821
387211786565238237711262368151126857427245373165873751148377157321445187134348411873727732165157722244588246342471777466352732368416728321511862346161561554571787214442537351364413764138466525275145334145877311327367177574374888176722227436187184777735621581672116617125185652755252328766428758258671446577326445386776854181147144671383174785784736668734142683717311422537817155657147333276414817667534648716161466821846313672158383286232157561583883428145853576437874363644478368476516242783573582372724257364274255252645255324152866267661524587645776486844241755312117762232246428765471524116471348227856774762348857627145616557262848562387714367
236888245675142565315182451457542258821133444531614784181768463281271514527351725344237437641773652115218565367827176255243577627412673321477728567635422218786671246288328478752641632156437737217734314231638413418783535456582641436818245823524115567255364771625141177263743828873375537767518713475878641833217537277165152643571885345637511728538667776756138446545464334548521625553156783666146821256268525627885731226653581656322465715176723726781833231532882111161652562733683848665144667364156468847137654414761471154144265452815147763533784752581587545371633541156137743756447648612585545317626827788816416766354773172815726184762331356456348171
522464586831482823441776621176277418216211315418447383674418552764361467282134855877166858174511585451885582613236846386622625518784126288736887545373268573541542474343342677541745747213381435334812411747236444321742728251812168424746438256161766484875682231482288214876344652325775272532413673335716256674425575433833728544447685668818284745746287458364258352882153648355784676265546216247744215768266547536683467754878311315573648425137675874168736812623517758834238815262477414266215488544688771451885737613352685257557576725211842843331342566714475487382235563116566472624622785247877357626486742646663665214885834745442653651615817584455541714
612185747832386726552866815526886158752718111517477646678783133375766867323356384873121335383648375556647225442644143831867446364756482686832236727233785828442461627116387661137852385463137644632345617441382455182748574586444762875847146684448827648633283352177185837484437718475761467218888658777652188382333774653186584873267528868253862882472876184577161247585668788836723558124341387875541471438627333173474446755432643242622527856532283854316347384425366351667324854424684815553143345156758373785532773167585477347373875634637555214111773288244183532388122235821614152888288116167564273724652482162131251562812815847786461344114824465668315872
524136775224354377723111175453134534747165343533426373833285165811346481723447474217455373614881671256343163682638515175446568363238281774181837283111127784542516555312382685662578527811583417687882521323435135674351141376534581861412167145512171558288145766268514362365125158134173753716567272757241545174547226854774876556127882125361545461652548736587845134715176276737613143334688185224886477214615334221834565763587287648172862842554641852854456842827723388572835144525251277864222471557682134725775442572682873823235757171382756618153478347168311882882537881828484453174767673325431426867647252688176748382151148215215457273884251452336428448
126475416647655667888881877828884873735846323557844881512754666132572341871184278373646821651283762458577227844163515227813785374472244354637375458876155715315555777327114418531543428121751648384173328128235182753363427253171126623825414573624664817381265581673411327568475843685675465837118811631762444111815821735231148117288761723465562538352837685584224718532674821882644268128243188756843673718457311466312833721373741354451321631176581524825757784134333612485677881685175476333136422366342766347117465277586548648616643874838212438553563337664857448463824657723524685377568681146348421442263473816166323876511684221623612457558826827651875284
833318214133286666273276174312155758637356517187581515724677551375637657781376464324865552245187883228818481675383668554152185583835385237735734651871214165342186757786524861878215528578452886682582753771235671232211281511537435544646665756827675453264657218622381771863241251257483713386673488836556288486342462278577466734614232355278571545612547357621623444827326764874533151151154326221864516444653245311372621172682263162428612641313383773538844183682875187363266231588151341673527862831361464446643
141511741516552171345511365155836868232624651128563385151438646487141451636138684538275275882374523158267647581113331241752477267763117187338855443372367213447528328242475253864152388151645275656547473766278268211857126843336145354814814233586723643836348551187867546513845527347523477236243812757354116425363633348622286817423267161618446622675384723111258384534311443334452522747612675367645756553254323737821624732221855224836374583671664718373831734171887617172725511123622554783322142284153558635743
327256315326844243486414547741873573118268853447416556513271418237667554527487427251188544221536472735634136154276846733747225886472714166154548586556622276413371576626146131463835245882511536746421336244258854186768558325876356856846744167517711386622845774674847534784436458177511586737152554317117444274383135366775555121346314455556758615674776774772575576587228584856654142484754778135487448775581253852418825335787347284117545274548746585572653843211527875887863127377473276835232137761477516865224
465751367537427718418584677156437148478363377785612123256647866625561822623171621622623325721345212185153266314178686466252144552138657223252847421867226344351578251752878162317138743357518462816255158375557671585343747861856375564316841566688252132753132437615314713376356372213386414643816754723861874817814632473826755756228687636584486856875132735334878263631116432353575626235126677122725823488658325338367825255661241157878366238133723855173724665871788118646346163235866732785878564668746188846464
287663266683851326745187811885174111763241777423683722715485815843348272166282377783374747683256415353761473643155145234482674625717463661553534147522535617214124568716372435646765238722861883212516472245387437574838545586875685763531213253476244773212453617634565745412548341214442835588252225674488885562632337888818131616183457157826577174253528653551381438623758358563486536844863662323527581865571677261328387425528184154765572848841674422213667311542452488553614854543812152387681247582561377328751
216528351883834787816228711247876187884651215748144877667288143226886818578541146831154266366456883227353711534211588862677781825126147568666582544247333222173321645488241581446527674623426233227452214424288218613868726311576424345366678212717421477141321513742388656414852138853713161743136375574454785558625717347181182461422875833124258432662873884427571373651181248264853478384775228347816158256466156511351871711173613173455583557222324883237354676658866638682366136657237772817662826338838351577674
387562872133875522828175735757271744251725311226588237262415856368448454253747242155767371453633363573671143478783355586884653183656565414268834846264262227714357531822361486477554715551231177273664631243822534364853861731744242844223731645382377452262565687824227561314615164858838655365344832244855113121578544237831737255525322165113152173644687244533784281868715651253382322344386417517757373174865151467745762111414232173658762568353465167511647534451657265527642283676721665884236433581521366475242
