7565566757678776788587788565776855656556886665656888557558558556886866786577887766677768658567856675678755555686757658677867685666888665567565678655878575857856758677576586687786578678788857758577567867665775677656777556
7586677567787588557788787656577765875578666587667666787667585786557765556578758568588767755857675758785655786556875887578857576776866568857656867556676767556657888678566588656765878868756755655755775876786765786666775676
6658866666766687857756885786658588857778788878868687577868776676777676855567866688777575555665756665788886685765866766788857585656786666558786686668766588676885766766757877575755776858687768878875665677567885766785767888
6758767766678887886578686775855786567567887855586675786666555867586778885786578768756775556685685577877655856755787768666766776776567755656686887655756878787557885875855688765657866588558785656678875778778876557557678856
8778868685856566657766887876587655685566567677775585788776687767866855767876588665568878686587885867675855765766678656578775687857676785778855868665655568786587766667856876688555756588757787756557766777755566785767668876
6566568666578866755768756675868776658575577688876558765867678887655668857758665567667677755557885555658865567655857876586577555788776657677686865875667888688568666675567757555577877556756556686766878876786878575875686888
7655577778775767585875858676887775865577866778868787678787856775887865568577556686586577755678856858585786668886865755658778787856655687577656756687657665876657675656888687586586788865868685865657666578657787786857567766
5757685556756657887666655587555877667778888886777677556587656758576878675565668678857778688768678686677788776876757875875677876566878888785668878666576688777565877885877876755776585777666655687567568755768555675876578875
7786678858757586875778776588767685687888878886756767858587785555586587757675868658557765788865685758587588587676567885787585878876865556565868767867666856787887566865688868758767666568876677775656865875687858887565587856
7778656777655688555567757775777665775777686655887585888566556657766858576766687587865858766656586885588576565555666787578755566575576887777565887686668588668776555667767575686558658668678556587858655668578778668755566887
5656587875777776886766665878775775586686678658875666758756575577568776568676658568785767878855567857876756768785765655858666576557886856556787786858877856866786877857778668888785757577775587767876788865585568578856565685
