3442244122423332232421234323132423344434134443414334324132233143344124423432131411344334441142423331443243122241231342422141214124311133241234113344112141421342113341324231131443231433333411141331244314231113412311211321
3411443314323143221343133232241113411441344243242423443114344232433232421441334132113324431432444112123231114443412413123342242314312433232341311212223413444434214222422331132323334111334124443331241412113334224341231142
2441313133344311222334241114321231121122323133112112243122431131313443214141234322341143224443424441221233122412143131213113324231213121312414432142133113131311414142341214234421242211431242224434334314222223233132143431
1231421412122232442123434241442324314231332123131433331311234334321224114344434244232111413142332144122424443422424424423243131411243313333142242234331143121223133211442422133312411131213314344343114314412223313412114241
3421412422424233222413421143414233214444412231442334332133232421241412232323233412412243341113132212414334331424432414343241342323312312331443243113232233212411142132243234434224331442113213422323432142322423242124142414
1224344114211232143243244433111131311112324412332121131322114223212331421221444141334323144224144442434321212311234241442443333143122322144142211413244232133142143133121432311214142411214233234423314431433441314233331142
4333323241343113232113232324213232421444134213332423443444432232414344124211432434244344242134131142243214131443443123322221141322213213434121322123121343414332212331323231444341413314242122443111131214411114242323344221
2241413431431442122141134232443141322431443334211433113314411232433231324141123342222124122143223231432242221443444113421243412243444232142324232341234142342412421233223311113441113114233331442234341433142121343424243421
3432123121324322344341124142413112243142124314442311411243333213322422334441241143321233133222322434114212322344412232221232222211114441213442431424324134124412434342413122222212134112212222224242221111233142334222332121
3221443334132142111222122114122221214431134231212222422234412441322111411134223234422444231114423322122443141214132442341412224211214311241244241331323123314444421112411443412112312343334314131223141441242142312324411213
4441433141324321211321133413424124334311234414144332412241112413341212141132211434111343214314233112121332413133141133232111321413114431211131323143212313332314131112443332341443314321111124142212132133142214323234244331
773463425315515264467743724555381368321754284751418615366612616255253772611325346657235454361328458367821688856335821585316351171571121545221842345517567547816116637518456338367364737353536368852668656758333261536667677864172821827351124415574674631656144243233763535345481446686624775437162142875218781351816334226444756151348263557184653725474221174546325285677621531553866352477824748432814788281444446568522334278823538776163877172437552655125371717611826537823271826845731464177361114581388883473523787267426771227865718346371882462555674221874471861443661872841164753322347411276138446641745161826823455814465118852425271747151237283248473771
351485475318816714866726534814655234154251365447816134761525166643533857458843218512471562316781362216344253531382645532414842847631165784622567638313366622133131666315214441567526615713357254724387768385426356623138812584223163582635816471665222362531853847616115123162744241158387564814413722834276571138475323238441533644135584331116438454672447461336424325354724535664641621383476285164372286756383376461418853623821844871121552182562845324472314666644721733271511565774383421537777321512562864666754818656237517715622582473826568813656652533627537754886673471371783883765247231215547848733131736724176684714213467737637486583878571253771553752
864485888615444417823181666844437564288847533838862412432285558268772684441521867836367772611636753525871437628316553571254327733614638883482163141424611312545312423515722636664725562666738254133543877426752137761787331442637728227277422764284352851562241448814852111362547158862861651578342345571477442131114637173583251711386133722787188647522875837431478362216813144337826641366455264772881241133758426158331514178881165464618412764838274186268887156114135135877858374214141418654851475352237184442815835812287542758263587351737266844825668663257335487215554637484864284683262275584272571623663486481238616624135766171881537281883864587634243854
523551473355455412224355386866641671588777372881341128813165256871854166113215653277353336126824564586287752857427247663431844784641627341485358355483116381522687836133864467837141388423158875246464616722412562364754545213712216142723372258161883565722353366588458273145233624286411488715226851283883338752568557558614817711857771743267753627137676718484241332732414365377451268734848886535887275464173623172746241175122851721378553236428848868686711145624328568173264271136166721465654728641713243684518512625787166535724814441614516725724224384771285277418568638322158466458168167335356644527661435114313445557113451354334324721611127473481861655
181171618528157838134787523135474222647768332218365521542713265631485318455165152161323364638553646176757218736532342547221248483773387421318882334111837661716418653132181643552773231863542842162323257524137518421673474116423831665218866786844181544671247757273785385135382878226112172238466741548271517673635121575783442581135737723672562371588816146323786362161882618155355563764554643338777648487182615556346427245253466231128176845662423832441737275147485473327664823647355334433523561255363635382745332684884548847835478652172117487634662775323323627363221422753223748841148786447582233658452335213572742546721853648853284821287241111666377318
223127264667757551155751547818431527852667844531235416268584858336644854817442856744851132738571433511765144286874211218532863851442662441365223667278413467838363286436227816641522288185658338313563164628281368551454442485254575261245713451465561538455521245251382777852382274862244173147325387753615671332831851166327516547723747471124717518476214412823127775866258472458156233214511287822632286727456518511828423375145568845373141414717612725876637853651573718723612845174268385281812758873165253474854183265347648645558877154188355425344762681427251361536647413842571885332132213151735645682255377686413815645886776746346643535438216764633336136
377787371741523462814167738757826445476644845851457887561855575178468864214371232815682482713372815772152677143574655617573647428227826627422678733436824733132656856478521774481463775155473187541711311737616183226761831272147712644886858431118288112323512537146883544554555268617834345165786146741363842363458566886781545752223747511564588443563145737286236277426215422526627333465635118853778357711713154846583156471841615224763227784336762782183458414145835414738127223358861342444442764736763728843885881761834711136788636358838266164781477644223725756747635432835126542513554785317258123761625844428173134623665762531556355212738876361251628788
883884147478688537314255262747153556467884868267274424158612454547833178453358187775586732544414116547423354536562221687484156672487425811835157546136541657834462233235682182428687716117838678737553234642441734654266881127632627166244627534816221187743356377125343557741357571573776868762485578731748253747213457256147116163514268447553263625533266286857773712211358548286384722745872644116783511866864367818135632381335677561868316265772171257617287273315184174662825368122455766768775668745615881433356111257138764656826523212124624521513355482544268628217578351717285887453363644484628646317643314223851817156568122627517254174488652534712211712
414144618478874646682762316266418758222711678445416874186668368732774628853285278386758874361881351422687816713416117237287588768188224464117452257331741816146855371671571637215446718541463447335641511238283214313176187586452182543127488458858355518143483214837232787627442638435261737276647577844344275428513537584458432873443412523487115571573464317147175384318346255385486841334888171455632755611138442152781564847132226884612253871875737342215717328171612143446333183148232365132614647675842563437846432645686738426514874381235678174466211522341642466845728643765111213716716276554238478158467668743147118787122377188632536744612363547241674537
444828166675551455654331172867625474174682544565162115636776477642111644625162118357566415515683324528884154248864846581746148884664788567724416545322737783315216526115373178143786552872613117251633735677668174265742123782734157676585138452484456117251353545877486376344818245863813786438648772565541775543117756686673114783733837752623837688452836646468624115215178417686138153814341742865745544584452617461726752767267834122835642572448632342231843122122127815654284324827837457855346616312675488115364
245427842224245561742824688612452317777564171557757555145326335871435511861371311874236576213346355373364373681443435272684572776337732628685855716488757131264715674625175854668663712551425825737712777822651828533517312488236145865634434452462533284636152635442315341176123682551523743166636843276765755522851711341526887376228584831882833175762217773434316287811351712527355727132777838517311252765126576744212884743275821567776164127774437126344851426531328654637425368478677184222867461866172623445435
445341417581263267754777171677358754226228753285331244772717731435645814384213852746863341187222772863686722532452213161551264215461374358743215625731323118153814145483717575286168773533187873543321472721821383458383517661175157387558552553371525584775257238642575514574688655883166672324551115857645241765446512338881386142183714645561512583615355251284753816571411752158845387841811328876487856455326487856761817751537388511814238187152311221637745214617648246587535471865163177146186371773122361313382
731311336757525265485663532858382284466218476718678358325611544581374154773636827752178825111836661447325313112655214636871156177587124886356368432481734241664577482383351816611617264566862541232346386225423176887446175533347844716534281252818562255221544117173746633574316731233343475876244824816621878814261385566257435587574613481286257645518152635845547767153723115113448265376331185531536367371722512123436513215856752535387684415531375146213481717222846114575262617787778871423174462325472654554868
381761521437116444824874125366788844623281277311361242627285418857334764478485726158455228612513254874643871628764483137455268867841372377827448657187134724874434135531788886527287648584415512338122147162425848116475657841717112476864552713157126585263732245548277454745524525652311441347663858227221572314243426872284611348156114423785157816726532235382316788844333231326548128878646113526372134212648261777738272587328847773885858125556546324657567354527478783678842715368164773878626888223381666363458
774257446732177247611231543747217137672852133545121885576381617332742424786125746853237644621851446553886573484326661477755551841578732815327251673183515378212183411172131438541831355558461745522542886886336728165727668164421667165271383583515422876371864317562467263162468553242168334868243211247686157562878257778554336417822531413225668227163722627245151775637387677464223877285427317333817746677626228863384726778224558114287481275338755186357843778455534664714861573625657486286468778568176836224673
586813255588553474356842762151432818716353877258873445854366532488214761538423158784681532113184836277447784655136554272853314758436351778358422363148384541528786331585467427825178784651267172227778351664313527145337675427151755735416633764182841346218545516421334546435452266641522667286476841336285633622316321253515875585642172625344373753257361833471175835321625282884642865137548336628538761864883281717657223277558824285838477518581875376431747132578214176677218568828562816755821572431334254276511
