8776658586668766666875768586776658786775888786667875878577665888786666658665876677665565755587755877855557575565777875558887568557766886588678787877675777588568755585657586878756665587877768885877668886887856858676885678
8658688567677878885668785766788885658658655655876777876887558687575685755586855585755688776688875887675878877875886687678877678587687588557558755558556867785788858556755576656877557578765867578587557875787866765886666887
6788878665656758876887866687775876865756775865566785678675868787868558577785855686786855668575758655777885657687758676868575768887667768778767766667556766566558666675685588788775858765878555586765868875877868786866657556
5757557588787655778876678887576787586588775777855576685786768677756756885777788775778568587676676868876565886765677568678767586665865668776865878566865556665585885585557686756757855657558875775868775877688575668756667666
8756788868657588666787767567768667788578876668656888865877867655867868765657758875867576586578667557856776658855585667555787567865768768676757856858775788856876688665665768567868557677677888876587686575588568668756578856
7688558766877775656887687767685757655785867686778576575875878788666866867757578688887677688865578786775657757868567886856755557878577755888778676775858776767578656566768565658686888757755657586867855685855757665686588856
8578585768588877567868778656555766887665858756656887678786686787887776568876685576875766576867758588878565675568866565556888587887878875575886765568785668665887757665866658778865565575675788865766685575566556558875565586
5865776558877587755677556866575866556585756558865565556778788565778577656788776776685655786765565765788668887887775668656788566775685788578587557558776777676565786576765877855767776685566866877785578678766756577886668775
6775876656778687885565565765887678576755666588785678687658655555668658755887665866687866556765577755775867667855858867668667657678787778676785788576775867657588687675658787887866568655876876767858785576578767776886568777
6885758768877876586766676685687588776785757568667556565576765768877776577557677586686875857866767657755577776856556555856558685586675665888786878866578776567667866577876865586858786555788875776585888586677887557577656886
5568866588585656776788856768767676775767875667756775765586785765788575588865585667657688686886567757858587656765556765568885688588777686565878887757876665658688767666756655685555667887878685555556856758658885878755565857
