4442241332341444113311132123434244111213111443334224141214241124411133114231433444324431441412433443443414444333213414143112133434241111413213124242324243121233231434323224312343444343114421313411411214341233242413231134
4244143414221312233224424123233443323242134111213224322321221431422123231112422112414314424343144113211213121344324324333212314143112324134321312144322141141223434321314441412312414211431134321324424131243233231324111312
4324332111412122224241232131412413232214141213343222221132124342431331421113231434421224344411433321323334323344214243213311423224141412313212441224243411422233422433243134332324113211222413433424342122214433221234444111
1433233434234222421223431141422223323112232124222311321224314444332141434331113224212144332212123212413413443321242324321144333213211122324411444113132213112143333314212222112431334434222231112122131431142121211343131223
3242141311412122323444413433133231411411324111412341112424333142232323424314411421132112233144421434112123113143443241422331344443344211321342224142343413232441114422444332324311214441211121311242421233322134214322122311
4443242334421442334324433141424123442121221421242132421442122242232232312332341312443222213243323424122114124122431114234414344241133133344222114224331312142122324231414412211241434131314242123411334322423432343342441334
1124344221422412433243421441333341341222211423142141433432241432321233312332414124213444432341111222343233242334122412334443322423233221321211344143413111112213444242113344111222231424332331423133243242211432313233213341
1122322112231333312131322334333122143241432234312443422141413322424131422114243223121331114433413443322242143143122421233212411213413134223142441431231443234131331341223424133133234434322243341344143311241132334422242311
4232133144323323234444331213112121342134124113422431112114121442132134434111333133132241223324333133343134324314441423114322324412312233423411424342112141243314423124311441422231422232343121443234142433312244223321113221
1441413121234342434113323232142111343412444132131312413432432414242211111221314214434412221244114322142321141223242411421223132424431223242122143212211224244122432443233114131343233312231321242111342124122434333344323324
1221114111312311414232323213324222434434233311443343144341332111221324224342312334124111142332421332112233444344324312132334113413233444314221414414233241423212334232421123424332311341132343142112221123313132443123414331
851422212263681472685652324572537848128354114543852226656262543131331755617135858127246262847464854246567617572825665681237683735263788751444158632265312781546611772773324744114188713167582255443485762766143556237478184388577873214682582114314467527543371211518871111234338256535747533617136637565567364571147218228327458621557668858744426554685618435445276648488716884264512757187322532827232188516275423147633744172634447281758433854341452632825318473344883783226634411333444824133341356186852152471841364552581742463685878844185434135452655533415781858751456834737717837462252831633226657331552846725583847466814273778738568852744325886522457786
824711654671772332244528326577227715278261458686223442131328441823582538467678622643864445172743587876163368853153856841374147161385361374527822661782524188314451478588782873837353468525746112132684561358516856348711285782365883854538524274317347673641232224875283315862231127843527426874433426132148878828424166586554825486758424133378453453423682263171354577466546718377451648463173841258661857451452261623616165178135648713647248484272418371121767722224314282684443682138554741746822653732758155271586762278537674638367274562618836857448278237863418572442234723822371184243681541823214382632222284374858687185472725727714554831635466485348744148
526388428735326472718111763412642862574353541266127676327783613128228134771652778883588843821851451726614555823738641841788526733772557876274616273186348636248786561664337813172458257438226877864122117435655242267627324166563515634136122817482782575317662551714127186816655177873465515811671288687571644433163411665756373814282726187356781868551341715383135548738222151473183765247266762213751154877871676774766656266835371736572114676686412186776322785833523382272586778171735731157118251178461546645121867475811863527734577334157771682276222856736441165145188652112675245212225343245771321232327553676367757664658624487247688861858854564714752135
856184851155658411463842473823346725246534757167148113836728154556644834478662745246721425568522835413174587133311117328334528612885252327574876475557887511773711782314185761635483662526815785535226211184711657226435331343182553722734846832866332587168642262174647433583561727871225521488783388685777838472354777484651416151774755537416517576478537583523274227676312152875414464454115673487735183676617442812787777315886428255477454557232466631587836313387466625671615232133227417641454358816458764373751282352745528685878165684873736627221668823527842753762665475858667868622521738282451382213851257722354436353662583345256654176734271162578581557
456733541784154528666516272542221568788435388568645343541571232755478177641785788568861212457564516435111381367711142561445782168724826188335247663273668275288626411737121617418813255117745734585621547513844218776123227837768223766718187436248172544614558267178617178215626745165371461227127653745553536223715466853773336443244236133574164671734118158128144717833483118567378554858524127526711488167533288414721783468321742864833538376152677228486183128781465685471513147118652751336352255488657157652441376563826356284488736456257272352515315678887642113244616658128621124145848313176445831867566675531315518527675567552148674327614357283333448775
365212774886714267482768587574153857377518312475433121114837642363254276212181273722823271825526337555181827618315858754683154238773244885163435177867673363317758334135283848115314471531711417255114416148783146313242771866476133645715171464158753382687765267715481751173584783282374528631341872711835321561237288371734238318435267546633155455122288362785726734525355722643418745115228122656754375737711554582362861348655368386762626566143527476673471572784181641341186726836572412175654782154876471527535162818141561287577785873177446686616384387152368867463661817242831214611335146366826123874526344226713845658518114558212254228536271516534232735
235658821735738551551177288635453617111111373273164868453522581148321831825386612244125787516558764485332174351264736137365138846786776228528443588274114376185446265432726811316581361234324421521216462721366177767831282652824822782726827538315478575655631222164875657752822224327128153622352656117418474586651747362567311184287774746311133571121141327541726582451217348372578615471573326685661853733128745474382213188222764288722554717267615525723854728241148616856534455163872728634817583527344233235278772176525872132782514653555434232286812321688412816651358575835668165827224812733211365688757234752348438581166787715252867238783312145816775723
123838624256553585187728685538446636857862422141855647246422221355461827825465356266224613784245756145522358867457886671437424543255662844211162885265685286625143686546663251854718535716265614876428351311347586785436138845775626233663628248423672764121215266522537484825278147545188346128215581427681151255734227153431332662837432147748415484116232542831768575786488771815421252653258673158166164651114352635358237636135568251773784131363562732361181834553835248764782856682152583436874785848652418886153373636132827374355334417646542515373123813134147784823425471732572532542464878257485357155564637243167355625513816586277472736385172172676158578
721236174545232265236116115175251842874256853244336473828352511671316366363583232217661325558334146262627282382245233713827812848464736118835284534562718148775572523767345757221875246157284346438816816541553371784212461635125424876773762467316128364268527183241361557116754144471415171634373814732141184217312372884356431655778368781644361711657614626577358118134536472866887342576382257436646586588148666253336476156773476357535625851256843626833738548337117683811812535633114578224165543776641813742488343683372732175264753267434851433821657251227613287341312662322187511587111381448672188535881424644415876436244334221874837231458441883688485288
727757261161853835284835831433171252672485236748413552323453863768773342847284318481723356624577125762142112583183367426754266632682535247427656742481325616653561633481623885242564457764125154363787821813816817571826463763358567716625772377271653456672225244137765187632627868733336518838144612223255337821534583721141128381818217116553611744488788384685218637852567177484428573817244867166517873761282558237441455218823522236146277848227828262231131363736633383247474145311288822625366428158665412568186
258164212173134831713348652123527121343341314256426544637512235277664842476361775423268411767246542244651184125787667552423535251262326623885317555852582267328334281587678128246533821732113717575535763472835586768688656215886448841678678486248524213353364382746866547548758471832552837438828325245877123365165566668686584418635588115588572837732425825452436775857528818542776288627733811735621388544622133461578313826125157334786346884315342778527225645521412732714558514545187811225558841845363626278874
267558838622358344882827586456878676784442427728656361683835525635774284444267434773741525427326175451222588748663561587164242666385433382444367154482615853443185186342636886653255658743322853576224656343814748668335476244344876151555342438248436446538477462181458175714557862743774714142367458115277528557872164277824738363116674762561572856122887586345274425173826321523761725614276678761572483423146247344237256681245674326513843267442847211754151532751168562654235363124362646743181827563863575357473
877681185512432376528431852412322278214824553332727882754866453378662127271627815352762381576417418387584163724858361517813583837855631874177881427753688884833416264278185454841257574387455225822514866818811488828365526482146721247265267656321465576763665558622546623885657278283415322734684153388284615327443118444388276176844782385432622252351121775435416386416184555217134731544448821818287465215442124481344577677611855354356422475636873447877472348275831713653381185817723775644278573335548643281618
861613476761583652363782125546557116272313533674322285828365775444433418652257417277662213324548487858774463113522727834727427512667134237675473487818266786664558717754864338735413114646456166173178366374732534183357141748681573167174124423326226268578352231371572868151215257558556285823682382441845582142638527125477262464685544451886887172611267416652134841614668853325576237473746551432164271814584165288276317258268836413865231724624812881455766168661868667718186585628145373441466557164282564311312
141264827542176222478326183828218573855687338121855158821778834452725217181556226322256321658757374277456866375555826412315845243674782368328656138232858885865214656712753581675272337721518216611352564377471727643317833228125228853727545116863724215743824734557781433844631355252624513652774327872122421151365626386881528181474753441432256655848453613221437735178463184271221415173256121521115773841866716656426325181422863651725511614384784277144172717733588761275136245888823324124832211823478533783414
161183681685251125437128464182188687346621144571263178362176122415235688276641136234821582383232382727246385533311864186564638465613335515641387567223488287218173354871511662658718816375474883441364433416343767724122731272741834551276785875186462358174647118172626833417643478751462522528342885114371717571734785158774142231634361457758438444525885761768416473815511714263871187272126347652148156628578738213383171527655441281458483844736541442364475325768777133266826844335842461284566216246528553531357
