8578756678868566755586778585776565755657865588655785856857787775666877758686767858758558676555688687668786668857675568875676777676555556875867578658885677756856767566777555587675567755767587558768568667867888877655767665
6558576756757567566676856567656676765578888656765856766876575776887578877757675575586655758658876567887766556656856685556576758666755768777865655575588657578587886555756856857557578657565876787556866767886656586786586876
7657778768877676866656676577886556656857866865765568565557868757567558585776778787588787556775555875576656665887887558888765786888655886886667755766778876786686766767787875858875657668586785668656778585886666887587565768
8678677678865588858875557558565776558878756578586678866766566856855867676865777758758758858658668768885865575787885778557565855878678665555856755768876855876556768677777855756677566565865867575758688668858557588768788887
5788568656878578686688775586676688857766766566555788867575658685585665688758868666656778667577655675667766866587858666568775755685666588777667687685656777568766557885667565565568757767568685765676688558576588557567688657
5766867886866677866686786876555557656688875786677775556677555665577886677857667785868665857875888778867788757555678567756766656656758676887665658575788776786677757887867787675586675765686558558658788566588677865865765855
8686756578787867857685778766556868755768886786858886667655558778868875678578777578678567557758666666575787857876775867766586768658668668577788577868785785878555656865786875678575686687755675676666557885655755778778665557
6688678566666776777558878555866887767778765865768886686865868767677855556778676658788658688886566578558888687856658768857757578876875576656755687855655778566576677676856557557875655787576875667657575776668857887688778557
7588667855685668868868885577686858875867557875875866688867885885888656686776686576586886856567578675668887655768578557768876575575675658886665778686666768666866678568756586557568867666756658557658775866565588867756667877
8585775557888886656566867888585768577787567865858865775667858886668867855685665785575888676778588576557558855856858876885558676585568585768668868587555578555768887778587565755785587755576756688768657768867665856888856557
8656687886676858558757668786558657678875575655675775557667588885878867876666665865777558758685768887858885685788888678658687585566768765777776875856686785565656868758568567887675875767785885867666855587578888676677877555
