3241411421122124232433142344242313342122324114124212222213411411123221314243324124224314113444444342341141124112243441234331242334433333141232133313212443123234332344433134424324444314423313241323244214422344311142314313
3441111211242321413211232344141432144241222344213234323421214141234211143222323122114443433343342443313433421332141323211242412334132244323224134314321232133434424223414234432432344343412312414322443121331341122334223414
1214242313232411312322344322341422423432421122313231214244134422234343342342424113341134434434342242233411434121414432232322211123111132343123334333414323242132424444113141333413332334342142313243421443434143344314344342
3314311341343112133114234411343142342434433433311313334324414223341112321321214223243324414221212313231144321213213232141443213241211331141243114142324231222314333322111343443414312132212241431341431332223133312144442132
2234434342121433212423122333413234132414214443143141224232321413111142132442142341143211423232144143424131121433321133333331412241344213131424424134214332121424421444343412444333313443432332324144314421434142144142232424
4343431132231121213242332132244433333444242123412214323242422413122412334231231141112143323324222421243213213323222122114314334221343343121223342232143132443342324321434134414443341142442211134141423323322343143321422341
2134431313233112124114233142223224231442143233324112113333243123421414444134323424441222442322134431341433342131223343121431342424343134132342334111443121131333211213122331111433412344414134413312323112134124431411113312
4114134441112144333121341313412413223113342113433243141442143343143132231224241143433112124214342414242232232244444343112423422112224443423434131332411442314322123414212334211422111312242324114413332214244414322314311322
4242144143143412121341312414423231424121431212422112111434311312232333432142444231143341124411142123124421134141131242221433234142433411331214414432331214221341113243242442322234413342224222241133444124444334131341132133
4424221233314241414112333331114444114121222332111432111114321243312332242234112223222331213222332444133111233243313312131333313241132214441221412324121111244212132411444324133313232231443131144422114144432311211234412421
3123114314122314423143234223411334334432131313124311114333132432331113232311323411113321344212132424322341111221141334332241112432234422341443343212331123311133111322133224144413132424432434433311213131221123223414424341
881144371246514715134823347274313722161811151884855424613885131753284746148387844745765865754856311743781417536363155518285512413175488887145545182256217868245561568543266617335243176723141466734528655753462446421312451537341477776263761661183774781141674174451365156311627331645853572531545813844675311258123546118731283851124238433538166814142615338673733618746835285287372425157417262415174518344117677573111111351283253412621381412386555155581864581486185612424641641514886578845278664338523285888154445661835358744875262467116853361788834584245488465528233452887514376331781236873758712851871186741215165436826545244537158161775238343113177828
428432674173131825617424452148784443855331678616365524278562186157658378525323765116468272274425712553474284113663668564257836722147156377741415536678514272366387634846464754855522635337523823883512181525387683231464834221132826562287752774552162147358636136664518466655527152571733377337421683632845171557317562446386487258534428225851324238336884338841713883827217677385641575545222662344443871182478485444777877863682451574373848314766482713885775636528437524243376663155654581873237566321858736845867817385855423513372512882346532481222517315518171163667688627211521487471534413748233165758642365848527668684218837514212145237752887165633687564
388737166486677587842182631183714636578633852367776177454888551516288666824151127447431167784724546825261586385268887472813412683726333136248456845686368581262257263434884883852225161134378385327852375233256254624336725442554352654227885186871715643541567175251462364463663546228216816812181865156871368651712314274722728583318731284356526816384346861337518511653211457862463473546355347285834683316835524456354348175716557554678164381223724452443182678758231147332126543477152837413546542626265814477318845773158578417162747573421434216181622377153745613455716568278181753236547641672178741244381676863716817762587143876521516824581764326636155847
516876888884555677236853565625767748657466443727625583114518683434131721252661367672766266461171165143176534717154436132334263441423368161875554761158252386464514412286521672166147885787855781716311466864825677671453122381113567868881451212328111113585337638371127114424455826537736754714283222848557321647818468485145535746375435182817476886216336133763315714548837844566745184341672642714263386631822867132251384625776627757156715182587376121682643246386378645856882586233533565311111744545454821626383247784437151451611712181345615624471516173188835588361447836114287542617476876463537147267563775173268621651283614757328844461841864822274161525
332284432841255513332422183824848575281536838586258558428314317151217116861715418126365242411268117167765324837584467365112684388411552533514685245824478523523385272513516861747585222231241688214648287685513575874754774128766325628141427321176764671238866762243626171787716231564386641687275458436274271123537378527461536584427423875184514522816114818151678131254884548148585441676628858658566338414512147147138276255726661664716725645537673686654877457662672711147132518478365185343827474133458282671546137848824215458235165678356487416532548544766131276567237775841465625532367847466214833481146281641114743785523574511828521685166677617676883182
167758645851442688744443144154223175478687414311667746185553464728287528427326558728667851812466264322527534457735167342255667774464365676361358817381563382372247213783283522513678148375687777586256411725634577147626624882512628112414726385668341516188413283372142842813584113721264261657851181574773882414123257571457871285471224716814782484362325582553681723237467435187658143747531531642272481146458644185855816241348347756246117436116632468637411156158221871615414266752753318423211174767677442678115625754331184577135833623575477481512117657785453251632644787223536561858228731325635865623632826335534525373545763735668717785887515453346712666
162723786572366671411354383762572834458152741445251286351176825741312783113683641756117745353181552584756641312288583272481718371637375287547751584463818658414757748457152637713178842517654456453732728151415387685373213815545324756575446363656167823881561748478487638763742221336643158365561727477784768775461245675477355418211264385637248255358687326281223126875122523853671627516821144511317224557776541177668835766761645866356582468717333383387388436331458188647573218467275345255541337315832624874875261458787517838517731676437373641711861464774276212736141564173468735317212451456611381857213825833127182761138717385748512452754383614657613283
335646131156643632771318816655674153734818261615258453141734244652172516484521578358216641544737713232525216286284142314864833416245215487257184147537274234854638645561345821328856887232588528485725688147563661861651436522725116553857163582552787214637424312373447858351317183637466762361378616115714572524881131388662846685753126416317457757881446883812355648572882317276232144231327587252568266746461572285221158572361441876561384826431838652862578688123364376138175413176132534748825145154166323535643777343537257418774316161344626833824261648718674622423234553568423661148685861538685656484332835681412468167146135535373782432648276418761742161
822782873253277352266871811364162788846141732486476881234713714485125243878627551744188737281758335237161823137136662835428546534316422645414661473112555678287775722378356344585713461363222867555537221115532675458717773626534244486156724882587388117885311834321327732244828465155425361815856682256635826625735117181813364681254363573218275152614676117374346314855252238622177224857336812238856333771745687257335556188474827352566554361235825761572547235323628163854186278822643364587864183772854326834236361482773811674314786573548668438766422271373823324436611321118218756177473316674413373542848163378548374658751478646526378747334725178512343132
587424855558464721475667144731684153487767541351354767648431567332158782556121244616212816175761512414377251562442165612172622338435752771225135584825745546842574845422714367765174321545255117575377218245481416655151335637123442563128238643427444476628155832556216621658563481575648832221872433178146774171852858413524315124784331586228515313544151158186566374226673345638686545687617854271752547351153614887434531864754575334275216871674256415877653338336725688265354724832788688411286564268772415567743
424128568717212563452216267847675613264877682427445353116225313254257118325182315578651878733247342574818133324376745735834775646368744141847644448557752644236527635417665354143434268377156867771318286381857537332428286564341281562118342261625434463142774234831457518261841425384766825425577427141216885658566167285168323126565711124662844275472122446486714718632283776881173884134834168667274248887746771178231514185778663267152681384578841111741688863147581273564166218383247646622134323412487261217533
281144576283546621756832464851287548626614553788888268335376472225574531884173722361718451622711245651287327467742228147151713327782118672174525125723814757836731613525642781578755654254112848188885367437223817711133213824758274821735824848743686166367356411877622366514725153723511477478645811558515525851772838728544811563222486577666627241284768757555862655763353258383635254671864555771868244217312752752423574487463161735228637415253258213587215546445651184841351786623431182572472255848538745682651
612556335674445731787618581214235612453622538562164448432254562577367544773423288363111446838243658166521815586666656373848284881544177853166114512858716731537855363722646144565323874388135728627856587845713241833338771373335667467453274781776412684814721355238225852886344438736275278715284875183215516423527631122747351454853536477786385163815838523815751153856353727836111272872866683138732271234726424272335868734527667136434178322745415473422784213218557423488462678847222424376856154628721661371445
253346142213676126661547354176571214742823142376845585743731364752146855251887345662351714313446251437451682362337256175681472247847873683362657538676861176523711716785431237143255738664522582181563618551377335735713362758436451587713478537776712537146182146662816238151343616216742775765817871118451567423885523271135311736746782321555657531782164226571815136672183411147246216453661741384167877314571756587478351673783463186372278263128415532673651487811176171274114564134545264836362883246884142715672
282253362328173463572511357741414737242567351533415877346222621565882622728351288473558478178658513271762288374215372713624266131154834482287437345637156263571216338785621175528266274243682573863557121632418364812457434271335655356725538864822151233277727732153117122242452576828376746713477385176536233812285131533853157626362143434832267838753267627657676422773288682417615333644662754458184337863122224847288138768786432347343717283411574783146871518135645863333311574367182633333822153677155871222674
887324743653223124358555447168233873611362185878427616775765481342458372315177753321858835826285623767643742361771646627726627843121542883387886136321268877742752631623767545773487485735534425864336844776387738438445513824286322411516151312417872353335774135823732533528668284234852522652332548214268833282486762211463263215721714156184872721645244525335664721436225762835216652363774811255243347752267763834817876236568855658772286334737568635687715867476418458355284484284441138355316624552425777641281
