3442111214143221122412222412224141222231322412214443334343112232322111233211344221222144244432322433232433312211313133223344211422124324143143121421342321421341122244112234124322132223424123211334233114431144413242123311
3233331422234322331133212321233432431444443444122422414232321433434314432433241424213431414241121321322433322244241113243232423411211443141412232214442334234313242434312123232224134134441331242421312232324423412142114222
1141223341412411141444232241413124332134124434144133411311241433312322214431211344133143413441241431122123433214313442214312121431213431313234414213414413332331234113131121223332314311111413133344412333443213132133312421
3123113311422114322321342142341221214331413334343241142114231132213431114221442113331311213124232321214421221113341323231332111322214113323342221221242213334331432321322444421334413131223211444141214412113333113441413331
3113122331142342412433224112133332121444311241334113412313431342343434323312233232431324441231231112311221311411143332412222114314132444214412222212342333311243243312132244432132232214142232324223143132224423243432321423
2334213143331423421313433123213311434443122334134221134111424212434324444324134434134312442443332412212231413344422431111242234212411111131312421322334432342211422411314111123422244412134113431244133344422321323444221113
4213231312422244241331433441131133312221111242414132321143141244341244231444314434131122314414323334412434143241343112312221431312114323313412412343124442313433433132313433444413212324242421412243131432333324112144112132
3244144322334222413433443322422431243213143223441133423132212433111122234114333434421443441322132331333333423443332313133321114232341412122443142121214332332424342141434133343421311421311211224222132214224122413144413424
4223421344322122122222112112124324112334342311122432433423124422443134411314311221444443313123434141422232214241323413242113242212214224234243134221314344241342414314132114442133412333412141321443332224121332334421423414
2123212323341322214323114444133212142144312343244234324123322321444133242322444132142232412224241334242321432323222243411321413423443132334112222223314431323121212113212343411443432241443444223212233242223244244334244132
2342113331132111413243344441341331133422322323134111343142224341424121411414143113444223443143134143432444434214232313413421233213334231331211312333141231414134234411343414142133221333434423422314334344211334112241441222
821418111136214714518855681617258422857182265754237316862388622888687757885245148881432532574711148618661524313334465883678827764442314452627374175463556365715574542361772265415717656317148271836345157251676542413122235142278166373427451775512558765388752758464114848142544748645353713845627682548581822347452816447477778284284874285777335773315464526746717667435811332378541873352476181816727484468383663134443363657371843576781363736113713235517473247775818267278535154556723772146361834651525686122257645143586784858175746777425371667457115685518884585511485136651443787422716748827158111586553827736573646524584852242855472866613371247172423534
375624838552843824457414444318345436148824313865251874423451556242756543685727558247378264788712232883267612761632114843616415276754448672526352377468218675554715562622784368754211235378358615345463673443865157716777648383286488864881876566668765834163822231738365642565364174367414241466521237266118156228347174344681325117833248447458714375728776481517246348112782454666436583744258863737346133865768484225131885367648417425756133577613865535813581336223651122833238657566186212361781333742474564717838284786333157248286826126363562282532167556242876456866323372281223862452651865348311816482537562455351362635364564254424862618616811317188747364
624577544412184351777412817684722861151477438581513681668216728478226576537142211386432384858346287552562153311665671415721235784745842265537574183361117181883651241825737815612212723488425114417627657242687553511376438541138813572582771152253242623427145787642571772255237163333145231886148847181534552277245456743434373648433578124726658635485354632435838653458886268682284488813545253374242858468548467224734355316274734241367755122735167278645132548261245754787142846213675725818883716882356267461418176545848873264251614641232526847747818358257335213232833573746263627638716542586414362656214781527471767163562435884666536882635121628153873761
527515485453418536382856266227263478385548746724247648282628428264637381148761781542686465546382574187833564537711522337171362135612787423278782162552182648745486715714445368731313456524162248633673582766753111336341127222723487868742481417244812574475546768452612426664273863384752871176124264184224868737848657826748342174526444218237782865467374148283443117878386616381861351467118368486533675555422345658814753216878723448455226863472384317311534275813171511326768152218636678877861757544818614624256524452737376556233685228572361876824648244885441743144343486526362517781144733754276777154734584158573756368687843335481448762517814453877165256
233432187852738741583733174822467686682762671661268684673156387427547764688632187577427663581751541331631523684355167458422752372178252458237158357838547364225338723675225141847211881542784463684143336172141778653476488862767333512776365832167278843212523522714586611764678147247141467463475488642863638451728722364485678162451583475228872512184185552783215355858748511728135648634641628175676844878231265452727787448786484174157186622375777712367148145818624667244385745141631313781418647418632253766645565313821546557685416111346357281722668428268764765277557638746871271426723212787874274732827331855563173124138813881652788168516465842752357225
184321176214863167716841537147152868654138655222167421447871251322126816251747683846648812667144561771557263212615185235685171562412766783481563141782121748737737327724758235445328462363125737278647724177825328715223857835443112467536746836524381856212324484826786622326456813662588583811227624826781686568617573542155427443481333682153685155742713275831155555686541442637877341368527147834288314365554333564446763348777737473784165183527856465858871222818565545435522857218754442644534223775477363858552232486568446126446338562743165371572423467814382181178288587427848242374364326714865167363148787784254114272874275352824857511454617387683887173
141116463366581554522546388116153272211426461383323668736224641217624835247825817117666841473333413572268375416258742851771211884222421534136217772782585326573517888212225871511872153235635847654661728321264831251745728716621762678622224888428265632548464844172884326536473583421677285844274582615584853226273438525818488258583555184184341723458724441421371753338611182738317725443717221257787344315687354616332446362828856266443264584138488152355833657681116265881137385421844281132584625817355826546156547623621548711527273443217667117777611721115174773578365412872462587316233368884255238631412853821153231217341121672487657422562451152412777736
452845665828664183531257528864168266661482514413882726243735117277332134443814116531623355837112428314327185267425211287532182745786857333215511436824148864823273236882656867628373864665183844383616141556575283745271775672162828183364583267282857238853123448513727527367548813447443335653888334153425414855557677655355612488484368738673614564771221553214583473267467356717858282148383122755747254552538425332437217243763411635384753868146161655188728868558817432283266418183884127366338437574486126678736585235646262511465564244866158323462546551872748254423246858354678367587387761248672575368764884531284572231822337265617646326688688218277824364
788356712813466876286173878736422133776641865263866517762727536714445132264642481811627266331874546243657775118681346268558253688558354753872362678771526351673712784366647163467847848221487423232122343152324834781787577745483572344131524838836538613342122481214266678412655264212847463476614643673547336661786821243621518254724688334565451337567748467387732271868251658588245342527583484663322177235355678435321375152487714566618655642884134818235752626185518878263525137151671472348822312738762587587724782521857488626251163856363657157687566638514732531616444344774674681353211713653563638874618447377813414534472614173541761251774538144261844225
243574748635241731332513481573565451584668524531851212315646242535427123328357522422272264574828818465814711888745561286144648148215781151666152443645258366552577856154322763816668587417155367467453824683737278523568864313435645776672328764775384338145381132176782331621271151644313651226578132372677125613341125744251847344232371653838687188363677567446577873821643173283451365882865818521364646217461541865365714488131816122623876247461354464718651363443816257481335878282431177264752285788226375347517
477473621771445642634465863765756661736558521452823686254157857788732668787158232122575144451267263717221184386576262273161611577828842481274271213888784832737132343455864681736312464737431626261427362147666677418616787246631758687251722818878511615131727228641265775871123358312683151645551135531123852162461287145711382275162126513385387755783411516433117613352826777822626318862342118321152634637611178552175218656876256361543561126138153747517454344858826685176725838534523556422281352213255881114243
346622661778117177246814622182417836285162234677573526472287887565756286527847334682862722742483374347562367151157572543387785628431371576354315227635223225688258578554265286623265546216178863721421156882847527437234672326877448627634217363654674822564815436385478253121124812351242253872445377833563543672415575765437732128647787311248226263132566765733213265663662243242614382328237317666825545317243851564256765858223712747561433617877145125486585478126781445237512548144225772653232368375346236675651
713668172173111611453238813176887116137872364244638564765163125381547813273843282163573738116687158756854735576241218271653358128613711235384825252436563642628744244214757378664684277624581422783278812278727446127474867575545438876445558734814184636824181368328747382325868471128574457486278712685782715352427365718482582327245441612488245548767251425437722742672237885555468584482283352743611123533277322537358584637376113355473135433882372567257221428485567627316556135214834418647265785866868324746358
627166637832233476527643675544612555838466447488581844612422348358121451542362422416644845426467144685523761673234256727388626858651577326383352755322722532661776583888264756357337357255184376182115636734727141146631556784745153255433566647545664716733855167813812164247455862328628781554412531453755546766241816486342468771254453164486311326477175573368133358383834343248131242225381623334386337671126138711112238213622141255551845413352268845446846518741177244155421548631178465578681725252534825157282
682735652664651453263454136417523117144786746736415267225471348837537778215763334413483681876816723171385243626556112223386523534387522466215321266646146352626461282821375361342816213555838583483363382544344188617385462571537625423866171418183351321163341652344187355442133376327536883424331481318454781631482538744283877546164113482252322876775532861273718662681418681418627132381456324347756226135441414852331412425212724812722217424576347217145845262682138146656331711266812758865855227673516277482317
736356522484453643776777386765373837433372852268648372546163214846634813666527255576662112256687437335612656457146624472754634558878718538568181158323121884881221473143624326582217475876222581838812326778722485541668371343613267681544771634173164748447188232326844313773113614345382123887517621266118435568646534114132187287767883411212622644283344668788356137536345554158651184376757472511757477265528327465888424215565836831543753828867558285813417674247352316628667246881613466845346435851848667482112
