7585656758678757585878558556668867658576888566866756856856668777658686887768556586576665867557658758765667758785757657866685787558567858685888678878685856577866665668675657778666787675558577775665686558887565558676777875
6685585586588786677868865885886758855678657868557776568657756888566686588757776555678875875656565667666588758668676878578868667885556868685575567565688585867876685567668868756678767875658678566775656886756566866655678657
6767585865585858877868556567588767575576585578867676566858866555577767586657868577575575767577786758757878585876755565777658588768665687887655677755865875855666866755576887855777756877577855558758567678758785676667778676
6657877885885857668666675758755658665578665685865588766667877868576588666556667675675788656768875685578855677775788586876855888565755588768787875588575667667568858788855668576686557888566577885755868665665678788557857857
8778675667586578677567656876865666676657567578577567877557575585757556877755786566788557666658868688788865875575677866565676688555656755568658876768666858586765585778876776685668678858878585656558778786586687855556758756
5556587857577775768566787588677578775886556655866867867787878655888557765758575678675875788878875776666767755678858778758655676757667886857766657757767777557655857658557768677755655657886767788685566587886756867765678776
5688878855558766758887787776585776767858868566865857558568687677857867777867687787585855868678887666678888685765757875888758878775857756657585785887767668688857556888856876555868867566685687885767667866587777678787575687
8756777568688786755787767775565758785555885568876556775567868767766688756865776558668586855756887688758757558866775567756588765768576886668876555885875888768867888757757777785656578885786657655575565586567676788787866665
5658565865667766778687757586655768786788557786776675678876585886657858777556555686766787876586658557665866665587787866778658558858655886688588656866776756776855656887576865566685866678676877557685656887787887558576766887
6868868787788757788766885668586778757858658655876555568567557568757786666568657758865866777587785668867777875878775555756578565657578856767575875555787787876857767878687667576585555775877768765555886865885688675857556656
6855585675555657586676568757858767865675876856675868858757876667687788587555575556586686588887667767855578666665755866588778577787557876588858577887577768876886757687588858665858688858876567555668668885758557655756767778
