2312113322342314143134221343113121112231422114342212334234244344132441114111324433233214434332314111212214134411222233343142443343231132124234133234242414431321344331334241322431322111322443143433144143323412321233214444
4424213441413411123321422213443131232141142233144411342143341234221221312124233143142144412323212134211124313434313123132433423441111311432123233411131424434113312143114324113442442341212124414342444221433143122442211233
4313114332241444411332242331122413424432133332313321341122434441422231444223211322333112442143321414121314241333432433433211243113114224242434122114214111334444121444134431223112114422432213324343132344432311232331244314
4444112114141431334244443222344244442343411224324344232423132114213314312111114441113323214222223314331112413242114241143144411122132243341242323221412344321212232322314231332144323232443333222233144222341222233133332313
2123233232411224431143134123124124343314214111334442344231341121223341212314224421314413343332434223444244413331224242441322241333213234212343122142431333133143442122113241214341331241233312424212344422132112114143411232
1434314331122432421322441142112323232224344131313422343323232334233124341433244211311343232431213234233243212311221311121113122413223144442143442132322123121322231312132444341214322123414324423314232423243331412212344132
2213334412214424441232124142442132324234234224223243342342223444111423322132434141342331243114111423144133322142142342213442443243433322211221143322313312424342343214231424313231221434344413334342322113313331314424441444
3244111222311412331141113214142134242423113433121342421333324141222142321121412424431311123322141221213331213343432422424314213223344411441321212313331323234244212441333233343132422221142423223221111323223243111412211211
1224323124314333412124332413142133243421122143242341321212144423132444413314114224234122111414212212341211244424224143322413321331243424131323313321243123131132123423311123212334243122431214323121444343111123444121143414
2111433112112233112234334423414411313244442341444223332143324224122124122331331122424312213333421221212334231334314344422343114331414234113343313244322311214442111334344344112213433231132143211334342122233214444341121321
3142414434141414211411433342424124342341423331311232434141142431442441133241411112221311122123243343432431232212223132112224144344331442442311322324242224144322212432241214434111422324144444432132311311414231111424243214
753527154643385367856137823248176735841266123513144734432711688785758566132662461775578224126416213238144425883324814621537332253447231835836153426474523882153877566121444183477612178413116741534333871526262818118524877437648228242877122672443365614785117653254353318223171884616587237767776534744523858514118668476412151878781854288732558767848265275178641833852783341631244726634262476421787453245733853255852112731636443461681428831785761812141626678758362218785171882646128371736786765373837865317853626723563873322127331824477657567451717464868186747443846881145885323262372618257784164381468544424185217263728162873811473864252315112344372286
826487336871824138483364838168328111438654462347155844282518513316778514418814651118271773277147748823488852711614863373443718538878865118234584183665782138666661647714211565316271176482853631356658825717586775431221274182262483353818221528233655223122654175353178568448184554333678687143132133241547138145853753344471176848857224766112653664867426115352658165633585373267234153638813326354658824643278653415151468872337627648387338577632266158375288533682666851515767372646258666312875158176821223315683822641776237723768821676347575132814724741667422438438868134133726124586238465558471557752486523827885576153271453726111586857482534883137664181
771571442683374522161533228115528364248834262252647511733767747715472524778842712387736781274416878465172545215242177588784728337133818662133653675122711514731234121273677472677766452626773856272124411534576485361312788136614514738214114137325634165258888668535532635867547575848612862132338324215616847735888865144635348441547326448136776356276146426555858133412133136282233635826124554167562683787838867114353756824668587727715377731583673747668862647442364637177364411255637447416217155441628528727474255737378215124814562253386332857835883532264644226737878434876834753865667661616457247574426331333575625712213138651642157665184476617842467175
253285478435314861875332552358233568623568631424445883528713116665171657262414751647362281422552184587532456363645743836471423585471226711625152741842113834167463668185187567838526226666345424223664815617711213771148734638774452125678846662148485136348463152721164266267126866121851311553533368555566312278581274132216134422551882655427582246156227138483761168683734265673877745355573432163111833572567863247263518473145132558465255534542243728268686673631585512363344528441651168466552831235713642783723675752854636141731545756785348328652426573275828684634786681323373843735127847576437534733665525523768716882813621667432765664412344666438652615
231464428454885247264645547483824568672164755221474145355727241675684472162837627544321122322218375443475875433645644711366131671564728514864433667446271643168881734523613266363166164175564145137382171321527472382317552624762743743425877131878336153652778752132314184746866285828763742444383754532732242676562228424637477124543848177267748125377335214314781141536378141454548366152827145622558581741245368215813385821163732762846828816144582886788568253326676682876583535464236272124333151313656675115585564457734185158513141723645521728245466262423765882781854315332437482685437724348334456814134286358782345256427848413815228387158512236168487173
634388481583415353163485515422246146471412346386751586118425772656652818133622855488154381388837415788886334467167756218412472115553846885114234361785138735248646265714275465266146644314373241438626781882547533687778543835741841322473332827138571718234368182143788322858573515363483867275741846442216137314361361457748744443863367653842687832352232458548246758334864523565356725115786531787513155882687287158218646878372728346737612462612724538228132427385137742771251331267761118576725425424662673748457527467673761381516163141843552212113841862328618717754584315122738361443386123348761358788768182672742631562485848765435513315216635683422372262
328887415626681746175775435541364361621212286734732357172418572264356123482654686454281661388623778258837858216861387611425621177771248576286885481384761154543272382644664712821587384651661445251852357218637736113363523738527518245882743852866545334843518263441485212734664137184466733332742365123813714272662624745656431237414622222164284785424585646211656687463462186768756423372486684867475411852834813188732255871647163831514782158451281445563211247261854245361632527457467183533345221672671635372528687784681818326637864457714671488633414176586442148741846322114364374436418236173614276526155857678688665163584514554455148642875686564526441148
218832457232766515577815635524571177137634168374674542355386464487767745627824735768678832846743752871132526251623817868137214378361622484226854513165875111264411655781852776543833526615338213833232184268173532373173447834814224671748327483315331474564443735274153177138552187523164714381511146141657232328148833164351335211435868276586137483151264356558667768368481553143176642817664375227662222547728371184463371468836115156858662733482176548634141354525167835851413852366171226317151218313732283873323837663626734813252726742776385774255623855337512433125681684167666256577257885346671858433278771238312886541461761227813782823178847736215237883
418577415665616178667481133233321887466348355864438252384737274781884142716322843317333544434612348461283427752274666665621875741357252468162218324785627584436543473674664268615563763753542561388381251874114432216543143617421668225422588835115383885227553865676728731652235211824275131412233648128233531332212645355152783386172731476638276844138756162121642363814236365783747115182811822411418332357777117677266141721754616237637277332167644325642254244148334363676552335877384515853341812134483261354421173655825447646827521453282331675462535736365846355213461846524885222246421781283251428762454611116585727331685117628861384581277763544657416346
125515665732533585552254278454223878364544173435113452285224622437474178343676861321223711374575284437738773425312545511287135444656642147776218646225722787333581446253332546352717857435377258612132626174557614155218232551264348618227446547226772738313472218534513818364136227658771584276163857323565463643172581733214332231518525713843128832265542125886427532157221432365425545371445448737483254187643822825126712631565831622723786681846668564285385378251543717576682111454646218524854544758753274662273
311763558225622113273854487515877652574681846618428157572654265216743626512241271875357611473868437377434872135324854662251663426358858152146241311536416755244214176222464681367854247274858864812321768242523461543734676234272754316136764144666461232883463126435873868512373512177784687667714228184422261727425158722875525731342875253546587184488515573218356144188123615468562461551212285651826382484632856112648846436826676435317884571851846885358467332573323871338252113835436567751841371283315433648557
826852711587444322131865256862186278157783565115472324773327227417513524416177718764848582133845175842835642676753788365517562342164676553651228173862718668384624415485558343414611632322572754858156286664614187275771821227425618785154852577462888867844364621331161214348473772473847278214438714387181825813332226447588557381247681486764311151266653657575384233863522587652453748514581262327146862735784157761316357144758553266817531563351855685321265651467671236113473148637422155313171465225618126185861
587161434126172414825883561453547276184867111356325624776655816412581175162232721453164161662887632688662878344246626653566286437251858187855411672272451653447224468526112184827353377436554263674774471886253723655524576756483433147413781514677666751244175124328718545871132665726512784168423724812345871273258116254287632442855372355468422687343841754723312112751831314451387578538363636112284563546186223144243341226252356857158425772847517123227511461483567682181585615283653475443113728214256417211584
864627468354718267275713512211655658221714231672443185142533126882726414536333523571274823317714256475767333387755441433421773376227838647372866111114324583857236411771213756115835338222676224548557822435458443488551884847653458535475437833356747117624837874222611548758486518353162847345621747162427144237381783743512642782324118732438271456428177828525223786471621786572182248267567123462575128164866137254115355866422726286327353452432366832754146132218745167434563552161241365853172853684713388161563
634157566148128384681152371447871272616152415211747628243714753611347468846745167426122673245626844712482614485447476816354418832718773746331818133333542657582141755875722234713788324212762216684534753124741813212854283713361745644358713567114353375343846717756848565528871681437147427465546826681283165432514773462244374138786726318514735146521812766273487377151468245271452422722751731874486742248152177531374885258612786123527555157675138283187467757722835476854557387676423438284173185745588356421815
218328411781236662622623846718415284672837785218787482184827223712784834152614235362257187564534563361271781837476381234735636831485677361287127526326458742387884467486665543317641536158258212558161221542132178546534261877881871766375377785532677876327211251713464471314264774643417751516247213641541176622641514582166614786454523331841748777727425213252653683422751121673246156517538583252362882361537545566764487652476677181828455516128671766523772853641266736443256655235436725577584468772435354417536
