8788656756575566787686678878688567577585776758767585867558757858758768586688675668658665685565775786686587586676568786685868887855785885586888555868867665677868558555558866856788655568757766556767888788867865578878858557
8678786858675767875788857865888788785676756775875565567867655667767657658686656668867855655875655666686777758775877858778557867857666768888685786858775868756558858578567878875575668687675588565767677688668766565786888775
6887756877688865778686886568576656886558758778765658877558787757686576585777775587765578776756788777858568658885868568665776685877567767856585867877668865858758857878856675878765655877858688677665556665888875778757875856
8755658686567766865766556687768888767787565885868567577786875756556776587865686875876565666876788765786756858877856875676766757685676887687665775687567686767767888566886587558856687877765577875656555787788776788868666557
8867775676576856887687586665585857875586688886565665888686568556868757575578568556558758655877687585787766668778556555855575585855567585777878875876856588775755776876856578767767566868568868865655657866786768668668557586
6778678678667877876787687578775758777776776578856785688565556856567758766678757855885866675865668668666867856676565775775866755665676865877688685765757858865686655758888787878776585785778756577666677665656658688875675887
8865655678658786655787575855866676778785557557858865878786785687755756867857765567785688865775666755558656778887686558786558858876688558675687585668565577585568886576756765576678578757858875756785568668865686568668885555
5677888566577788676685878758667676785767575787556685687885575568775588788765665866786565765555887776766668858856888675766767755678568675886585778855865558885777878755678587855675758885786555665787755887887755687687866856
7788667755665875857786667676886657685567787566865887555876557778567655555856657677658758767868688666778868576788866665787668588786756678668785866577586555786568756678566878868668766868558876758657855576568555787878856656
7556757555557885676687565568888868777888656577768678685777877566876878577888556585655575757556785756666756856768775885665757577766785858556578776766765557755675687768887865867557565658558665677868858567855877858568856666
5886668785677558886586656776767777677887656758568785558755665766587587887768688787656686585556886565577867687555777776688758868688557877785788565678567578566888687855656886667685666787888856775785787568868876586886756878
