1124432444313444312242242431423434121242433423413422444233443233134213322124133424233423334322332223332211143314131422144421422131431114143112221132144334333124211444321312222211133331442144413223221131442341444443421412
2131323422324212214133423441333213341143331121143314244243231133333223312244133132232231213344221211342134421323223114243313314241344114222244323224211324433113424341341244223121211411441333433434121122342222221211112221
1434222232142144433421134143431114441321414231142123422133321333241311143223224422224232221234331144444242411412332324321113433442344344441144234231242214333144424422141342313323112142133332414442334112243224221112114131
4441122321334433413241114213212411124323241131122334212114331331221341111211214242441423423243124141413343213243114214411213311142421334334431414321431132333114224123343441424121411414124221334143443332214411134412341321
4233314441412334144114221113222424114244111222141423411232214334324323422222312211213332341313424423342444433424133141314241412142133322223333144241333424112212324211312322334233231442411234211242333113413433233311231332
3241433324421231123422131442223331414233211421442134412334322311413344234142312114342224412412324423132121331144331212231232211342232233423243443124124312344342131411314324431331321133333441243234144221242211122444231314
1214212111421412234142112144221412314244144343432441444433431334111211434143123423121314133233421141424421144434231241341321344114222442122211431111332124121222242143444224111322413414412234121442411434422323134331212333
3242332422344133113232441124314412134233442442341122133242144422121313141442431343114211321312113312434123221431213221212111411133213414124421131313232232212133413234312231244144231432424231421222321232122322341433124334
1421444141423444242411314311442434114342221443414234223412234334221124244424341322324313142434333414431134242222223214124224411124121443432224143132123432422231312123441333233422133124124113122212144312324342141313243141
2443121423443343343422212332121111434341131424442111332313342314331242434434412233433341434142343441124224343214231441112333342333311421411121424233144231422312412124144344113411444212123141213321112113423431131111413421
1111421343242134131224314231323111331121222412213113322143232212131133432411224242311241221324342322344424142421242324342344412331231113342422124412411243323324212124114221142422121221411314422314334424421414234344431313
456663587863167165872582467162614413777351437738265611573373136885352632465883645785624565422514162286633138143547312885437473682184656645415714565837333678831513758372882151412473488222138826428318351173864515171352747271874662622385886822258333566873767362621775721158877412588747456821471571213464862762325376516616465415763555826878474666352738653313528484364688257461146884755254218178537744785786357881244681515231475527156231574115624251456282756641234826662826735266888112284174655212868735176418615152645741127663558853122626534358118813116238388212268716623742733186487168384844635714546571451843877555481871512785381187547676545621556232
314785116324751126747414318243687647477537488548468326317456313835132386747736672652166766214351572224735821433113685818213671526515862411576657342561771877121647751661764357768483246417473834866813583885622525671364723325427773771241264373266741752783515424146528156626256388458641826723532812885167268411561847342185517816541764115571881567765251573186838415422221517842837352412772412383114727738735124146787548728636525548615767221762862732576814712571422577248843712872247864511886811363471518456343512585451865233533643735445581435785343112478213751142815174752712822211184857268565187576475582153316811743116554141826636743431777687843321645
633256128263217767717464313828234622612787837838814583821517383815351683152557723852222781655535458376477688628556887364888184517868631237187352773281343454874858873316688387881678848328246562128678448518465188781351714735743528124441822722633756643288343383673411742744543383465344454856324778218584343371511824714662213133761317256653166124652656244762625868365371247717877511665787823113682563784152383182331448561285485533118438352451684122156774873523177318323318323563367551341163667121482685587278717337411317337835413354312285247714518315628688375836545567555121864372664222551373762626137334267217421431123683258842427765624685867452655444
331616363558641863838241275323453286287535421642222222845825578631858625586222435148416813642663781456651733134688742382874773775183832862551281872452527862665825663277856467288612736564222184465576183845858478467828428264148838721821543186463885673442427211747576573534767135245747556767112215188772623566662285662624832716364886366164483358118522216782522212525854484186373212315688468727334884358776835255157258836736148357768388357272365471858117652432557583631674764432376533481156144666347431552255315437246414743137621153683562324845428156217573472435178825585721783467563868264313355642433267518328365548234472184816343522375526164636267534
164117833257262135543184242411548637763574427848722873711147757345316837666418223757871172723745811247185742871121581162736274423527167211821213281625853455547884848151668835544264266172473737471718785727232545652221371411633145384572814137726761521347238572584867767135755251178645828286844347825157671638177637148255878846687466462617157213853485531835616434666816853381651438272622168253554765261866121461888648813582383478367448142217214822623268587366511647168464141523134562648276261248387256135554438241365256283754544143855227424575127583621836483667213654225815261523235213166176116521517276361276313517324536574635651845511617463464145478
158534814835654453572213551555886738268614345627672131362436461756678336517287578881252155117245261681213458422186566631857332114573815767127233232453664154166442156373467628126546383627812211552667842261574782656663658148251586568685572124837326517781888868874461853812132182123314222761761671678856611382286845781316141432168272177131846182415267238374567341863612123513647615563565278415485262837154868432364548251746854453161483375826128127676782423817742715738222164137646352745851683745488337416473245425241338323424284538686866772837328332264515353484781264371842767553464271661781443288668276571658451557476524686827467123452532645115667346
483551261373242665453788717147441176774256456671371812624388865648558868335514638155817737372481671463884512245476148264488347722255665544237267355526483341588253335438534786656512776382581427827571488513474124551766778688743742526647634841437257281588346633643353844736658284615426678444636175377615774826577111844526157745364571417322786387226624576537381542887545664567243871115484385674231267872231277437476615741232875675411423451642385821644376848335175876234538545233682385355746864848652163751143145522756443166848444536161653132478611343443481221656872477565767472377377282625446617562827616674253875138341422124551773734221876727822842536
347216628255442773143286655848351658475417537558816584688331312251365873224664346685815255728532746488464687128751211585144226872387472682728572826458367421417417361756334336185755457772645382336128117325846367265423757834322163267188181687541657436263866436611368848482135111138466775432866263811556641685657355865883761116532832556161417544353383683672257581657426485547585726553626148882471428563624724626617341272747346871845636823171785574678247771734131288728428225853842633744858867874342237436578736627285766725763844187588657518777463314527461222828277354786235386845352747378555673458756182155454125112842253231586268818123457573745458136
213538816434387611657857721461834836482438438351267456274224187271723415545834366186446226132444876242115248388888225612734834143817666457775167875562766783335148661344476324343873818888416375126435238328566543236728335263733431134587236785575131584417777716561676125783546822536552642514545864481645541334712862715541651525282583337835756251134216276267528343588478155488187468841164742878178155521742234131783433244178748626664166381268584758155585657823787758882347661745813444352421521227414461365341823138542425348142442564371214174676114666255277718168674223758421121368478644256713124185687146176382136434821283183274513725337844752423882657
223422188351887825466558421564564428212528362745812321421223166658418655147738345183631877884245826838821872161627818412657465181686267248325725578548124473724515478762387133136188728683214147884183757847837318555486322284276278322641612228633787244165653113176428613675432855775182826388681153562814412845678756675647647776823262883812162148153452454473844515284727217152677156382667178752256317238766132717185267145753167726138267516824451476178337771378722834635642123645188321846441861821817272216436
268488483655465142152728323861171263886234624723523227647641858885385323534121675763286371648454478553273182568771132226454841365625568883427834888452814118327745454124354183773864335733672471764447337565564456525423713242353155313364284617337453566662538868426155415454856612611752237441855557485683716571871171158415226275831868814228854745248671847145511238141371253552437728648674644334565456221435442438532686337817585128355445372474727586475531215613356422256247776583772542523718762854556817745431
333773383411118286152882478652554265222113152517347658657125237835811741455786574735245358156574287741224743311615611425362872626647724651521734442115162557442546615246176787412785687833834576424415647157427168314212168247815727222654784781834427583425678216126866215231142816221558131262666533426226444467724823342285553413254143826623358115754273466573326422214451767585472327611116586752757835518321817744636388761173318732761376373563424885543386338258678358743828122861568874887236212461517383278686
223587842514243376238733738718372854388312611531883238871445251372464322343848163871352821653713442277647134262248757386656623381436612682236155735748542614226464154185626377438541373875438368371828135124162526776164456247384316471256427324378331784266462252714115471831246546774484178112548121881728156628485314781163547365337561553211573432457611418128825825477462841777528132224373287478716771476177453182365828816745125714733538261577642316641877484728153515828267782416463874187412262573367151416516
123621375538523533248483861586173234684217185826258222265357455554727671248452745123341673564182445164164842634256334482431233787315634551254488151573228275275487837876651462577128277763338311832683351668511538381141468428587458811538832537472553217845517414251155374215713161837716162327263518843824182838561633384431311455883512355645483116737688846163415154541251251253423876113525251283386438858762341244132864536462543357811162473563133657263743823335334151881386753137315446445463257867621465887385
224357265186626278487237144668875184376511481332263123278563565636137552762145517145348282511415513215163248236285833581663242588757251643842186471387471621151281186647888267455266646225125383434637356175581747555854222583124236687375481386878157221178833123664538574521684783775346687513653268714862875425652251347353118885418718125557136321625728661874135674116464231522317535772177627674215254471441365443176778653736366162271611132882162522831438812855326834761622613412873683645688132555248131658643
165817363222785416713785254648185376777578868254665333376658534744756787877415854672337518213821123847776745242425523874125282738143821723617443246178447388438858176722452126761787621752442441285344331443168831756381886184844624885173656876111443477346668774645521543518837384225522463782368285115313675723654457683415163332717766376463554641516755177251381745187461544623126815717635571375474855883681225825236424681834621571255377773547585762563885624863648873678658656816572478784275231747651216881572
