6686685687557665668865766668868567656657768565785765577657676775577768855655665755765757666776585885866888866566785767865676577786576676756576576885585776588858786787655556668568588767778567688667888675576587656758677867
7858565558577575765685778755765866765566577777685675858677576687876556687678868686655765786756687585666676668755868586878575778788658577656785776785888755657567866776888586556678758687557556868858577575877566675677688865
5866556886658588776677557885787587877887657686855858666555575855887785868677857677776578565668775685865778578767585875557557687586776556767668576577678868688575685686676675788765665875576676875656888566786586875858568677
5678677587855768677856675878886876877887788557866575886567576787875865856887866678656756758667777885587658575657856575865777885588866777665687658667675677656765556667878678866577775765558665775758566755558888687588587888
7566858867676785768666686755888886578866766785677585877685786575875778868558857766866556685777765588886667885886668878776657577688865558677778565686558668666778777766668567785856858858668778568585777775568758858877865678
8578587766665776557857665856788655868756688855677868776587655765877878557766568858875866555588885585758777866588856775577888657687666888555757755885757877576658768557855557665577755667875767767887675786757767778856688758
7656656788678665888666566578655756575656578557586758876888778878586658867688667678875588777668567776858758665886788857765858687588575776788866777575877856775857866565566686787778788556787778685856677566686657778877757768
6856566756865888656687678778666587885558575558658557556856865878787875586885675586588556755588885577856588756575576555657785886787868688886658758577855778886787565865888888668758778576858658555867665887687676877577657886
6758878767665878587585886766887685666755767587775858576886858886567677585675775666878785867885777657678558758857666657676665855585866586575865767575885888875888856576577585758676756755675778756786658568586566878585587857
6557875775575885765887875657888577678577557778778588786777576867656885857656868758675876566867876566767567656766575677886565665666866787668667775865586568677566875867758766668558658567785557756778565765785757587886878568
6757865856686588668775877588758575857685665588556888777576686665755655557778788868756865677666675875768756758556776558655555666875768688765565575785586885776777757856587688585665578675755577785655887576678787785576556657
