1134311324414334212344234344231442134212144421431324143334344234422141413322412414424333314312224434234212411321212121241131422343241323332322141112434234332142314442433424141123422131123312233343422412134444134312131444
1134444122334334112241433134223332411224123314144241234433434333444231442332444341334141142244443213141123143124222422214143342344413131314334242114142212311323132414222422344111332114234434432411242221443423313214423343
1242441113322342244124324111344413132124233142121112223413231212222134134141244122442323112433324121224142233442213141133212243434332421142211112422124241431242144234244244441421242411344344424134114132312224112132241343
1422224111132134241221441214132213412431221343233432424444243414443433444224313133131211141141111224111143333212324124322223213141112413441341343224334142224132221333414334133143212234433241231244441312312343434434333332
3433433322331213332141112114443443444222113142312121214344133442123233431334211324431121422413414424221124311311332122332311422214222131314442231142332432334132142311442124424111433441312334433134221311222132213344114444
4121423224241344123124143113412422242213412411314323323333134414211441421223322314441233443212111332342143321434132413331112213412342414123123332141444334444112144143333442122434124322314322214334124224142141133424113222
4144323332421441244212243141143143431331143141422134144113333211131344322143413114214432424241331232411141233424123134133214224211134131243221343331134413432424231442323421143142444123412223413324144443313232333324134142
2111414222222443332132342334242121224144411422341243142423334232433322142433421222213333214221231224333341211312233211323333134311233433421421311112322414231113244323141444123111241112331421221333221421211243223413441341
4444141421431231133233344131111143112341441131134214321212142424441423144212223321413311444242141344421443321131433432244141241241144124434242231323111211131421134444211413414233421123342333444443313423411414233414323442
1234323243344243342212233414232232134312314113312431232344311234211434334313442313212431121331343213212432421421143312331344324424234211324211231424314221111232433331243233213423134224144131421321241412412423131313431212
1414222123113142314411442333243233443431331143314221112424232123434222231324232131331134441341311332133342134121241143311131421321413431432414312113421311344322122222131322323241234414132213122433144432331124321244141211
364147824372574141173667535867564586824783716321462581726815155313568564123546223477141218323883587131348281666482731475165221743885641325115668527542661266123354448455888383265823235865768648352562425344867467442764423648414544723314866538854434688481822461125428626133667753236721867772647865543878767676753268148765584351885523811347338667772677754875788865578328353646153853575378137628214344555113488156142141248324424117418746727785124543156144485238481458824867535164818284153183781657731557281182256673848125736488534441218174225473232735266441346585747262585211185174335824712434664252842677753517644248188128462174412747565285155374166783
681372567718476774884437632781654167242382411863657331153825582862356131361453735425358278754843737464483114477663583446614485484247268773484224721766253128755684771183273362714623387142715713681334676633583483347413213266811218411858754166467273318124452762113424261526145865384543621336478144687136737485585681578644427827731848513463862654815748562337251412648474566632763326471238782764123271285352373152314554375683527725188633238135521282228535362254647678381538456543737626676644266175486683636534156654376821533522362351118442281843862654631588488112135787833175712261877328461336688537773625673358576355573357211677216547418251355555782563
357442662167644535215766282547271486244487476647435511671888651835176455366552686421181723486647266337755176364423737141776372143773677613842757117374767411128648333484628814143313135817256282233855585626782754462516661453365787452382537775564354231571717461545232148425817576283268133564641618264485633487446667371352613186681847554547522862728345536681456442427776718522147732783638142522174626816121486681824777813871137812438687677881462674147588644667418853867841838516716516711572874157563152484726825475214432275138571843137721372488424886217768321754127265264252756866817134625338877284855466763112545168464272882447716246481635361827658284
353151261877745217785424452743265787146541613653618551362834225584158284531112573638771885676153825546853482466857448348587178418872336447736351731153712134766712562124766811735257142811551465516244252461566875562368756686438167657782735286443682624537733528338141318777783254837676461113587234655325245486833468663385228183312361543182282121121385552611474428721284755441452463645376612467588748266432568288188251275864374251465473486715577667127778836651452764636542762758562454484362228332268736252738228342338876354863278568145543112616761424256834474215148547185231772618653546268617422173444625832713564714762621248643425232773581824817256615
153571666183746243448217876316816872311241482822858842613763238654373866336155327638671813857427524257212463532631176737551126455172735371156632586274165384865656342354561738786851843315216471535448846513486371556411463153312322548566624172741148837383577577837347151151864438162681367411214464853741258426732725617375482823752816758462374131466238672182281841876863825516543277435543581134811383486386663532588825624785272532264883357434555434644266773638624865375111181673883523632637278828744346467441718161855634362775383361647234887344467613414548683481471116361381748416625188775125362213435122664128146725323313818486217416212518472233472635
583748781447228258376333528533647681253881373816285683163442786323725374438771114673362832258147756237188682672852555855282238812748138267733148812132283646826572627564582822217621657713284882277478161671472132575538573865615172114615275266875633444141114332876371557683821158312818522876728438817833665346371185677583677125283357324272412873373717576187438165523723345187224724227238138377657744748561367763123532158547861677867245544636652824321426263254472425372651682386423415725638671355342751646526244637172572253154238828434743155578517546352133374288467131768738118653714175511465514481641327115157146448214474112733765371113251777887346825
264187242823382872861316772324525164328416862148588477326687846325577381126481414812224865654183323576177321615831218727357512784611285223656827115216823672786164827568725474452535476547472411253153857651657575567464856823261752138373676554281517176285233871541851742212837648157644122671861432777577542552422677511626254361713282838625757171388266418482345866621136172286721426663468874463123216857452683114727826133755567686736382111766246678268437822171315845135742175114835373275161558833688335665264323234481125615455342243522724376587154242677622641771768843224614346365456411268554244867181765466783115235415284373737247374648338545784638534
366277824362247188255483182557728872261146156524668128616838736678777311122685168886812872818657348467753753748887788248747476555222646573574184358688318114173431853181665734186428764534688418434752784457111477252761486636717437222481151344423875887254252233551374738347558442326211888835418618265354254324558763623625178831261618818415138735132483827437612155757856436774367316613187836544711537674362324822726283347218376211216847421664634886512417288131333628387868561761618386784145767674738414316646861168245867188825882558356342143767644537832566278751831664228362636281352155362244867221268475438167333855683623565278323125628288537668754544
452138631121233581263261174346623857422258715337167514544151336551772615365224418228423812267451146716638725767336561212885336241468366341624573552566235771382833121418755566582371815738472125877444351286721887665861468211683181158577131756574626617314226651371778381514865383748823568176446461727217118153755653778826261232213638125675471523114824438337514635873674621816173674518575151463557257768463477372832431731266257422327626684748266428422155558385211431352726754778813457234866453475264138388335158857526267453538362246166213341723566218331855372628233154366426557772686145522375453733433654824282657834438218363774624773438174564861186652
352616417241713338226537586471213244421262874442426141286183285316825268411514264465133138347612128815676563347857414773541564527178533853614156473284361458557288113713665855147745665652522821675687785234268656161712875438436861165478386352518633217415728564524148226284858238252585252212471272713486363164831343248138167654734576563471475821828515174856236785282274154772888554147846561854487581247114225338542447736614325146335418466756185736714176861286172534311726126466336485417742258723586466566726
481175775816678372872728553751473147512562811545467618546375188151565651421538243435511828456845558284666486383258463442567121318837511835461542265261245164457482517811854854776611523842552742433144647188236414176533276326126767646216647161416347687584213437636326372365171446167332762165236362555175737483613875165811821177316236231148382453574524232881757657127235723516551646174422342373148683843241414225775653465148383781675525426783186488175787756867554145166244342332612262465166247541351655216568
612188836632678135112841254343455251573682813868327761381132243181444783842752684232771222523683813637416214285523238726883362571151558654288147746678477273325664231172818264317831281426145217368145242687245672684227428761132156343418332357387381157721374748681613443485468475646388647482218814368217427242827722337745152732728142548626753823353536255671238536638384418683756461188127534735667688433475232261588213166168383422485323873744256783677646454358476177884842258383878422216441552311223242236443
431338376378672181543473277113562317724363457555716668128784523254853414223488823442685365788714856351132657414246213471454224824674244356646232845761862816781338645181783281833268771131756458447435775415138656224554638338851115212862365611762673544846732515724824216247552887125637758612717473467682164737541832483568628138728873272378526162533646464823881154656653478787563123137828558857167826651238167554634658837773852467771633566383684611665237472742728133556143348283124222288772447728663157323758
684847132136415126835574855362822578852221544888724174266175358232878468185833186816373684835433387725764735624418487416632733636454213425353246642654732624277233316528868822548182438574157662586755525718223586656545444568444621851481134255825376816783375386266383485254333272733636131611888586244787182362541851351843341482876451448184266822568272522611845631558736132246847851545248324475535234373171824887333657145342225361376341382175787656312416563665122223664884712274327635881752235534165772377728
676485122467148144872626235578174473522686767658321112454715415374112348231483726321236163854441237343237312782474435633125412323513473685625875813443361438887281581813382461415112836432824185664287332522736822175871813335577585487628845488534724133118535658553376783165858577452148864837768814524618726858547614171711841424631127111782633165847844516588666111262338247485515535573323483157614115143215263731645426761776436273737361733833275541377685176572433873385683885628563782462611671467255436845574
575512481623845231532177866327813842424254445274546113322774651258153331338453764536145641866764371673544681587747711535681724574258777771873144438811838143552441142236436138788645251232454638724647641268443635365487568615673317886158226581677862327286342874653633257333115274577824443775862412764761555414843322268763166278738354251772766381457545884618185563872763277815252436132252223737613355128835314224512325652168352312472246416487787428372321762453848178732132466788177663854433186274143827853731
