5785578866686675567557686587687786578576857886868678758676556575865565755586668587786877685877685677886858787866566575765576575777857866767867868678765775778676658568585786575588558767776865866858755887858857578686665876
6886577767666557568555588886566667577876577855858857577578558756885676755777677557656777788758688557665788665586677566668577585675678678555587556585576887586578875586876858567785785588577656766658678656577886655577668876
6688786688678585576757667875665878558575887577676778667665866855887677558777585677565766756768768858786567768567688778866565576558877668866778556777765567865555777878558566868855885558585868877878765586858555887658865565
8856886656877775885655785887666676686766577855658688858758855688577676887867586788558577766567875876867775668686666758567557667686765557758588567556755767755856775558757567888756578557858786556768566556758858786857558857
6567857755677757665658887765556566575886757666888856876556667665856758878655777687686655758868677666765585558655776556665887887856567786885875875687567586675657868665788556786855777775888878755775756775555886557575857677
6877778785767655868587678878657777688888858868656665567658887688768585585855788757866887886756586878667577687575575886777778676665587755688685657565655686686867757785586558666588866877656558565565858886876886756778767767
6887868558687667587577585787666875765786775587566757667585876668876876557868678666555586565888786686676767875587566866776865865576558887758655776686855776875777566666775668556876868577668856666666757878878876666857655786
8855665877778667565565885775877755667776678666578685755878566765857888676758778668875777667685567686857686585577666786757668766556565687668875577787557655877777765756856577687785865565678885757788565868575757578877777858
7658878755758676687877588776767775686588655675777767776567867885788558568685685878778768567766687766687776767567868867566867666678686578886886576755876776677875786577756757875565856856857687667868765678756668555768567865
5866668875667587687857558676657765756557575657767868867667877767785555657786575758655777758855687776856656888765585657786857667686675557788677586567786756756865666687685676868557876776575556675665777755788786686587657576
8675768765586875576588766757857775878785876858867578577575587885768565878788655676677757667566876668866866757786686668588677688888568566788657578557767567867557578666558667885555656755768876878556888787667575758758677557
