2314441434312223131343134133234123422121144132133324443134113142343143413121124413422223112431443221242124222341332321111442224241231434332423413242331342443312144233114122414333344114341323221413332323232212312211141412
3341124343112344114234423123342244342414343442233414342413331341242423413322432432213413232211432341344443114241211434211244431242141131124211322121134433122114142313421142134311432223322132443111332111332134412431443131
4224211333313223233421232143133212234413443142444321241314411141244132221134223222343414144212244111432313332141341131412341223344223313444313232212343422421133242422414232331431443232434142144342212313431223122332324212
4233224111411441434134413343414414222231134341344214344343433444423442433234431224121222211243331421334333321444421242433244421213222411311414334124333414221413413143214321241441222433113141342134441423114322244432334424
4144144322342233114433113113122233324334143242323423243221443221411111312431234214131312341224242311122243132213443422122412424231114123244434442321211242132144232432131313411431243221414113111422432124223424134322412132
4232133333311342232414432324324232343134113213323123412334332213441331243314144222344132441332233411422214312132314112132114443431333114224112444241241223413144242214413112223234142242132114433232312111441341122412121211
2334333333143123333221433333323123343124123341423143224143441232442424344121321342121234311231214424112244242314312412324232223222243433312434232442441442321341242411132324222131433324421314412213213423423123211134422142
1213212141424413111343133114421234132222344324321122411144444124143324433442332121123242323332141114334324211243324323334313324244342243333434421444144113341321314213134122232324311112431144324411111213231441243424341234
1334214113113111312232212224431112222423234214423343324434243433121244143313424333221112333111311213124324214432332214422331441313243122413114412314414331311133343223123131144241221412232121442114131232333443242312114242
4444232244224343314422224122334231123331231422111211211321243132333333322431134324114112341132223314133223221242342113113213132423222233123231344421314224143313431421214311133444314244123344413314123224222342413142241134
1431434311343321224221321434442313114444241443431111124144112133411412321434233343224134113122244441143244214431332342434413444213232134444233243314311333144243133313122421431431233343142113223112442344241433441132233212
412486714848887738128374514464776814887455661547418134533681456776411384462642328516632324411785264287481253358756335876243762484153185834657623511676164731123873764461138553751231281813337611112415186551768836841721131154558517633327342522338552828154484131532882385518458451744122375473255586366114428113146566147173332761756817218433178287832766158341218571811442248217785584854835818754641223744224573525723383164123188236747467343528278227442735725348662868465872573375283822253315514332287747171323838432442788753233363548722525574722323132172322858561367525681716867586426443476372517376213264134876737218276484744662466222753437771721167617
657117175486513423464545431817363845478586812222533817687488856748165845334682855521871422186852756465227466426133215154827126362643284182111221732362631688415784771138347383481371584566286414228768264386876448778381167586782877582477884626724338766858663241751544158677337575841434447264424458468562186282842846444316443317128377817148873461838218316566652627164268582375473677414412422457647783586334548613478861344372466532334282618854486814346842122825182843558257386712251747665773335572385887486853766233464473874242312364477258825243163124628257525688838825274225364646338263863411733387645378354415242763231387228858218863876288337851442441
476361427841114257172458446645226878454473134184163285776465522245286836485142256623668685674728261524868181458311534833662565243537443221758342527688438725781281834872754347364853328781687633238755558233626487232224456737287783237688886536457871753833223728431586172864586573484272876628478613656412314886448376477833818777828245743384257848341463525273361762221258214857474255373314332858747528458211534352428431865272117867687223478787287361618725522335326687634364174352868214188444742711338586668612888446282457884881163332837786426241132766373173331435582136375326334184145677264584825715353471148545847643254757525757324441161675235673756627
544112546674857336275361278176218424334177473387856222885313172281632281848255731883672785436148224672182757748785552531758622533141571862434268147368546535887118441116327756248874327262354853117224611661828141467423115451815421485564866358231464856723283444284153884875364231853514467273145237133574267624473821364124827841267571722317678372455413142658214663523458466378667688482163227344142574221424578641516728415751314653368212436151214768213756571577435122683652132851825834775277886421428288321475315153164883145658221832556778834276735814443552728624858615687787756164411852516134676581277567783544553528335881514875632432662648266752718253
761112853534368626555776441652278274676721832566875488632355168758115157738387271155232623447854355831743638142347473442515874485263341688774747748617224765487655417542528516783646457533631577513223837344237661862412725272166751851412475375575181883572445712887525886263786127777638837866856377656651771534577654636627671584678657627438284886754827144145515115233215355777125524554146634683822852315538388888474662817231371681517836355715135614876656426425638322346417172713232322634622382488832426535436446424615242665457841342146182324413244375688121481114876876377113727417355313143641381735685327484487187884112367842358155772461315463771551356
857827862137483414857274158578437272272524264543887175384352884541112537446831728886866877617467345811573857583517856473557766245355611481311556648145825331154846878514538661682454512634864234326267721661646436518575486586363844817178453627715552878836426184362347625434617374327882323153488552643574782237368275173588636776513841251465474322218284223654478148252738822858743386726784773416644262654836668333742532816416141462871668845666878254834231776143578132348325514588853358113156781272821531475643185446758623433482288887643743374174386383316883415387752875662243883277374663858681425841515575154817273556258477812875833338412451173874878865
452863617517488372751332644122638664381662686354184125552341333287777888222256887428522865127114577162218727835425433418167537856432666585525161334564282832557651837341684411383523824452636186155138773487525866842436463184465883832623164838342288276322286722158653617755116655455675614884413447475145644813623324815146852354255276123335748412388725138372672585733741165223772685455761363255116442454781325578628471637615712272862788316638178348812714621423711156775513118524333235373635573787278675568656133588728742741862117771868843867115471374451367174715573221762547312614166883845114711324251214461645472685675633578131336152551748345478833131
244478536847225455311761615278435117142453273327361562785824526338682121273265756711385342775526456515176561173487286447315778855571323415345475717585485466883647655467862652645868858535672271682137546382256412354447313181424158737563838718224331787536566747461566148764436773737574631311382366164436461673471374584522183315264133427288773737111312387667645433551681555741855244247852355523768438626161751141614334556434428773812431445182846643228516548262424485241215354572226711852287581142513782331122352352176554536884688113858121431881252751787752754311773274325843311622876885481651545442437432363725712683441675331662222163373458757226712726
428776671254621536441164788442257771518572537871416132855721363371227361421885711352847375158651518535452763286831383678832741721178447358623563668688283486282554237138364167681336256441152454158673587724276818873287247348661565421161238243411818424832755873715177344345178537814336575882444171755637448776677325668137551114663646656566565456255336386382744634826565732535621428514126751872635614386787848256414556162686814231442357578461387821718553786564571318478166287486417733663288817464121876812482518667853125534851567832125264617537327716166477732643223544623552855774288722277137661773588172475584543822883424362642226622776566321422523677
616211482235774356774182371646516536355436883117883367333325275236847347273473337764367483272275846528452812282717246686485586566354848837575228574685157218552758526874758584481211714824742827837373124258626246477838866332641687586313432885734474574665714628448712713623473644668335841125233286277373728123813342832717737836243866158362173642263622365611261554151835588115566637315624613858584658212446551655331655878612728762228732513633572412682573656852824735458683742625127536855612618634832572725166
472157881166611565754213276128251881784166444332671126586212372551644624652872226345564532251434173186632285411637231325258478356756116255875862723488717865381683463677285412846181873518546765553831155274688844877433615884644286377287143851346786453241625874427145452151666817154265253826228474365114152882542444636245857238852238644421522621584146257225863771885437584667821224674487673552343377851274433424832826871623657273548276122372828364433757332373714235861134516642182151438174232826836385182818
175752556365275612664561637422368238483561431654186251873666165366678638842224638624687631842411437341842831726222535768358532565666717868623474462556236833885271736212155122432214214286326543623373671185783117437417771482266158736352474253832275644588543658138758811322543115645842761154676762438761547448217558777171735262465447141126554516763344573413577663767434244251372484234715426126443458257668786835537848663555483554845686387477446265313731738727343155456877477515866326712578278888763213512218
367773514314424712727468213667368184863133467858115731357853326714867728533787218388231488541373151364232725542368574327668362761818153163228738522681688582764845582447644181473573365771377267662614547644548251251135738574733237552424322681345625568138247766214333334577267112414223211738561655177636842631533553771215352572164681473841873574862813175427111483456268421862444534177748236715165224333764672634386317112455578317423566242613313176655582766638851846881442774855483466726256632765888324586361
373721475843544812388614414472615717137582471224344842886682483376843465118481835135375147546727676428532655535645284668163456324248411538488728761286144742534875452475738367563137434372773811811746338366555623563528261364768263247853167828653487378118343143168613621437522568625311187411278577412621188788237571485454513714414762584563524755358681361311515357426876387656451315445365343182835574875623653325716326458736776574637417522165587388683255826527174878216436287455643612666555562277542524818316
463434743542226438674766638482828378128142258628146348211612781525285515152222438556255226683218574158174211161547357212781611188111718676122717658812522468254485754835631285538415842721823374887748711252641558754872857648484781787556534464736137275146724628161562152453482145531133827724656683352324671121436253375231333783383165315618827328281615844118741311371341636227664715876452327263184313331126274136621687556223188175852315586825477317258546113153671614137865738151741172712886548428523152675468
743621586652537646647162721611711111361825557187424281551281576323435248448753466574678738771756237623566676147256674786478882215735563648621758163335133583453741375384763736616172714322742185857878253616318461235363263311344445556213421812221713815838114353816267714147756771566324681425673351677817763382261781377236558855513455622187342833355767718173562173486336813731663723186768784511334738646588373278115452153668525376615664251688868726776462875271521825618343876112175218812572682764386855751813
