8585866868776587887786767877787776676878766666886777875566768688785578878685766667758665865865775865575868875567768687787665585887856867757888558856858775665676665568656867658667566778786888758656677878667866777755888866
6685778886558775676776768757665765868688567685686775578768658875555886676677576666875888888787888775875776885566686885766858665757857788658675865557878585868676586676688885555776655567656658867655555555865855878875875888
7557785575675866776778757567766668755778656565756865667888878675677568586568758558868586875686886887668875568657867856667676878576588658777586556558678557776578555555866758665677688556675776786878778658586767857575658877
6878668688657658557877656777775775857556566787665786785778587565866577857677577585675667876575886556886575776777577578566885586577575867567776866857768878666568778577787886755567558856567787688586666586856857565757788587
8588886858755557688688756866858587876667858775885857765557785586867565858777868775758657688778757675866858768577676756858757565578667566868577655676685656788556567657676578787578755878868886586556865665857578685667787878
6765655877857666866686776566756665577776676778877657888858656588687776855657785866666585666887678678666687855886868756788866756656555876776778757788777866757558888586687758857878756786765888656557858757675567775855668676
5587777776785788777658775566878757868878778668556677766865778888555865585575577587588766868677878686556776578567576886555576885565757885656666668768587555787875765688565878555887778666866565786856888678875887878777887688
8777577685785558855676786775576688866688777886867886777767868778555668855767586587586767668856655665768787858857885867655766676786568686885666575566568655666656865566667766585867867655567867776657885656858877558657878755
5755887655658656567686655676767566688866785585685655776765766857678865655677875786875878685757866766875866855567675765858588888867785777585557678767786675677655887666588678876555557886765657565855775755886676755766577768
5687567685765586885667665667575677665786866556566577588686676758667655758558578686578678555778766686586787557867655555855865778676757888688877687675857678555875557575556786586765866556686588556676666775586885677688568667
5588587787676755665656755567578888677588565888768758885768867668567887668876665876556578675585766575787788685656877575786776756558757855576575856886768868756685585855868667678785578787785578666856675885566756788558757858
