5587685678757658767887876666575658876655665788866788557666655756585776656866855657677575565657567578868878867785787778866586776665778775578686586656867777758858677585575575876665665577785587576567875858777586556667586768
8566887578565675665876668777658576875655685855687585777855575687677567786656886878786586778877776785675788775667665758856675667866657588657587876786875588588787656686887685556576586658656686855665665765678885587658865567
7758555785587658578686556565687666868875778757688588785576755768868868776686588677785877688658676788875655787587867888587575678565676588878785755558586675776768657767885555758875857667567888565767556668886866757587756856
7867777685757857588575686757755756767667756756676557788666858687868657887688556687657587665686587866858676667856668866668565686886758858587575775555677675887587875877776877565876576757678858667556657666887667567767858656
6588566855876765578865878868776868768587658676867787556668755676557685767865876785767888778877755856576767675685678755585867568787665885657656557668765757575565675686875876667588555557857778557568886667667557557756685867
5768576555565687888877588585668876575758888775575686575585588756876588756876558585787688575686655876888866576585787585767656866778887567767757566755568778675858686768875557578775655866768688785676575688587578656588667687
5656555866855575677565756855565778785886868655778658556886787688787778568555566778585587866578555775866876876875565886886657668856875685576667858858676755658768775576766865665686588585668858588786586866658675665858556667
6576767585577657855658678678678667857867677675566865676886766576778585868786588656576856877658788867865566786565756576685865575857865675667856666575885657888676878758886865555777887685788566665667787557858568567888655888
6768866686677567878577775677558658867768757657786585566878757755786856787788758867555758676755586686776676886566586866887887588575855685685778758558785867786668578877866688786866868658668575775578676756558667685658877867
7757776556885767775768757756586775676557676865577755655577766868578586855857868677565657656766588688756785768766686667686658655567667767775755757778675855558555667776755877587788865685588888567585856678857866765665756666
8765687686586868658888588566887765888566685856676756585866585856687875787858586887685777875786565656677678667555578678878868887568677855676576578867776687568665676688855766675756876766656865888756667855676857588785858768
