4241343424314134431331333433344332344443133321441432433334311432233234444442212224233321224143222323331234423213231324143242313413313321332312414442423331243421332112122231142324322144232432143332143112112111123122443431
4234212221413112343312231341242343142321221342331312413243133444342212333444411322231222144311233224124132433334422232142443143233214342143431211223432231342222114232322312134141312142214141342424144434111233321112433211
2143442323343314424443211133312332124444414131443323123411412142113131433212114234434334322322233444212121342341432424422314313241423243124144334224333242332434413433412421434331421224441413324441421221133343121114443412
4332344122421111311143334323313212322343411322122234122243433431433312411213323442221433131433123441232322322212243122413414243122111412412212434441432113321124431224244213131223132231243222443322144233224434241143232331
4124222322142133411331342323221431113222213422322232324413134442244432234211333312143122242312414411234234323433344122121111313222413223243332121242213143411231234333113233322441213422344431123323214244424332234212131344
3422134134231123142112134143241114311422234344142242442123244224342224323413222124422333233213112434112334224431341214212244332141322434331111432124223214414434432232322334313411111411412223322324134331311322244231213141
1221412444244113433221213342233143144232424424344332332122111311331441144113214231422234222221242312432141111244312134412133113323443444224441432212134144314414332421312222134144234243131441441233341221124231432432141314
3341141414321412213243244432112144334422331242134142312121124314441423214141414144143214311211114231312211123122244143423421442422432123111432431434123441114344414113334422133114313443331212221134424132123424224221114142
1321143424234243123433431223433221423343311134443321221431344412132433224421222344413214411413413134342113342442414414132122441233323412324333334412333323141344413121232134114141211211233433341114344443234413431144113141
2344313312341222121321413121412213133414211234242134111112331333411312432214223144344341443444443342444441444231441223132443232124343321312323243341141323144133211121131334142324432132244112121411334143333332443434334211
2413143131313111313112414332342123324342223134322314133341441434132413221444242124143243243123344144411331231313311423342443142422311112131333311121433413141144423444311433331241431143211341343423122123232213122144433233
558423144571764748434745687355112646758324611654667548368372656443475521783213766388715437343774431157763764421866234474523352161822244751143645642412248775557828248276283476488328877622456421631713814528325765433843857556881656673452181426585318328417375281231763342284133256381865238356462412843181757535358227357337643145328752545523277363262621862118318383578465824117157256367831556651376426388183811213452477832872814232584365144128752242348854846175315218164585427267621821618567773427842261151267163125123555412721643356835638765645465761235452663571234521537267522368564867518355873127221351487827733386438388824322623131784838411742413831
431516718757476438748187448787883133722512322414112447153623112555685851743683738131744532772154425375537376367515442821481274635151153361567142421665276388324262346474413277648473544382455252724687774752328236137388841785218557418822883444582712874713687372641857266574353757447488347412152777275232182534278823666782774553818615755465438633628675733781767535373235752115134634465454226631236676532266124835632736651778128131183875511352877371134826665787156668387125367267175625761656587256533386754415447223155245143367848122587217545712851122151425333718135183565716454536382283168453373145446643137421641537847482244683231612357873625863146588
768843521277875756112287562823268668471337113153662281735171563883165313316745431427577283247827644853188142632231836312568124833445624338138652754687541887131431237721771136528621523816877351846227177767517473264581268368788576621534842864373176751247646738268457281541263368873528385634785458432161842553738352616665876712487746148217647317224177483345182877536811821468367387584216122158234682562885885713622812851146757433384885425722375714321222313648267712354871352424741517118286237723213866286616276657815272436321476623347561485586324825337174537652716213124363858135262753373834767514884342728274353881166134671715845886268462448857511251
236873457652413881284246157635727165152467223578564554211337564652118383143185235345714761283482641243274871377232424377815626852446774177252763877533274484516478312727586585643878234667616142664186667221442221182656167353574655133182333511634516448388136171816326251211584844168633364611817538444536876265453843618644665824641475264866284541617741116232651238837164885221151821778371555133424888314236656528437773842655568328173643363621477613125166733881414532421416276374315248441226776232787274273112728783538418546332184863483434847234678228112218644668743823838384627157768423726326227333817664743367748273737757745562363286421175421275545437
282147357441235766455814665674487364261481867114824531775682855525428133516551115481787451143663247867335154461512688711313533555487838214337436264781548123628857566423846523358762813877376743128243822475655543874256116337158352245223423783334824865351112212643166518754726173683185636716886117131221115327752411356587686688241513342746487658176816788126457476118182435127812286168546445531431583418816513822156364838368541377222366384812561248582746117183772327182612646783466347678666755656326542174848643864662314732327154135782328328727761662216215555788447853237327746537176671446452843545536747146771151655636855786663234718736566812853726533
176871623322413646783617658836637775822585876614118522222327673851424546148272332683753538288157211775832513444432875522375245124771282515245346567628422411638475151164885814412866355784687647822285476531181654122552511374153732652721235862164774211343465422235688546853238886825716716364155741883565786121478353112587613371786563352458373348461828567211833527242678887427362183357224521825668354644144712111264485446163537521885352275138423535451264364658387371886237676546718734217233767677186336567576174646626211818888151757845877247625425432527716242317646474585311481421247462788355884785885141423478538531132782264217381257342615227751787433
336517723127617245578266373828567843442615341284567267875458854845328366365338233266381532183517673767543121127513137244277258665342728673223816735625232724252753116652641435117273357852855723347856836653412566246757888338542337661568256333874775771627178245681367324827374653368488511831371742587743111773511773553376863577138125482318317516638232244441613872675841784321825126343537365335874254385452378337418237452877336545651455427447333123288581476325233154445212116737686738484273375554725175616257811316643171324165681483585557477256146834514553773475643558816825766373114755173574877132525141563737656188712355858226352565661717423662142243
885524516873271732316857125213168726467246275523611654333556861631633264547532322238167121416721846818261285616215626314778216572453712784184778782521674165362111851814385464643411413285541538471284643714744244158441576367428822633446413657768275113535513886136218181372563132822241158342254247217156765553623471768637627446835661116615273763281336426781583422678557756323516764645455724483117527356775813117261585758421457668431642438878813543647161578255678354874187732384373486416352631522451715644781185414411884287215212734337468881524212735226453855676653412825671518222627717635876273263466611634544248568221635348452436457764753737487226586
183386636512416875414767254474215764626245861216374348477442257446621265878367671551752435383823828864654613821428636878452236565226274258134333254454678278412674824237883537135636874167322424242834484785711232381146461325155131316388321753848222338127465123125884733652836528625682838574183858571122285232873284218164631733677718326372415185685228338846546851137285331482744837262661367638167818848242676842126235737531588848741682755684358356478833215454223288235254688817786544562387752346656158723563877733647644782767176762628562158658727312173631873564675755876362718255862517675757256258357578713534225126652181157724484738666113415661683232
883645435812451712541137283152512772515512323862455146678738378674881555688785766287776442757163321738787851225225267361455366361153377185221441411377115663268883826371328626868622373743876783733443376784347325258741214881136567387513731421356548271831388216763237414212765264821657524343552424745453116478527834562868373871415873582555535216241114814236711853518354284368572144226162545443241873872826165432665281572785534334553282238155686362322175356646473164823814636554234283848267248188385443222621
873361722563112787436646584586354388266736482288676247561724713446748771172647448716747241554617682642562436612728867813232345468572826257334552365814785341631387672135147218147472443151386514253426123388847267272448376785266865778626377423464336842513817454542351747446732664317764684832821676754138463285121757815421788186617455273414141735611176861325181628781262714341578734515272381317621641764665446136843872567111665778326715227432312833261564778144313713474555452171821847338688358282467521211781
343283235677742851538257111282418414686482748622131223286124611543872563548747218117832176454548335724821632312183281485486146238818423545256638632578611682181388121532737226465861475537211587861355527747641622453315712711536566776128232455736776537235318663235252436837353237267652326153513353841255463663817288371181144465665323312543566521433662717736477437771548237423211111323267432864447156237671414736673317611825687474715147664612473438818826882143843136174828526643866343815786176117287821727711
174713676338537871516615238471668368523251184414581747548418675225843746845817728573347334488211233738731535554363436643275615218173381514114125446841673824837221151678121574845515518218374876844887217651645213115856676151373828663817765237572183261555721533676663847422112282736621531731872622434448156713738162222678367735367644852368113283344615536864815857653453782817144733211511577442236524248661874771828355885173665722175332244334337677516837461317646351132376781312638831146888743651717177486515
753446546381537163326752336253888611663856577343812742122236121447473112237715247532656347568832611762456854428343748154353848871777181774782216243741665553867617568875155724151411851162727428384774742321361777266837813411788134485525551337668133848414182834483854772788851776183257765215763825361181774247234182831831456526478157511855723766127144833184216553616555746857158116325583672865554453137738153883612418315742546832183876223511245686467426147123413742472525541455712264524512412236575328644766
723116713774715827418113146282457518757543773766882425358365831616466242611363742375235874587265381683841453618264328223355151524587737646566817655344485474286582876156161128372857864782624481116532154113345168778734217525884555644287825725867251741838162451611414757152268157874163638113671374857548828544166471555545578157126567541362251552134238128241483281732567852542436836421861225668844511514111523356541746538648522786825162183258627574356472517225333654617185776273643447446568242287614481414286
552113228681766637512512847432184834643165374532176434776354723222848726533455882374562755181234464742648174562542468581338582357847556714543742857137561118521731233334571144163236733831686884386415754156441143735622255123286544845233583874361564341315268664537775862823411264262872218621131812375583283728673832466282732116613664441615311551352518551857562265633228858472842686542284338424436672864731262661461133742745616842132278778878641422183463687214771663115678365577267352226785413567241588383356
