6877755555677865658765867585566767878667675856588857755765576687675668885777855778577775665887567865767557887878785885786575876568568588666766676566865865668667677875577875575688685688665868557856756556767657657566758887
5865586857557577875587658668567687576886587677666755678866667868856687778688565676877555586858767765785575677575667768568578668578668867787586756785657658777757688768766867887757768678678756785668788668577668656655678568
6755586687678575685658685875766687756867856887678867578855867767558888865878556867656875755685758588855677668677658678785555855557657686865668858756785766587567555667668565687576767678566677767688768556675585675686855688
5786565858757687878588758765677788875778867565756886856566868678756578778586877578655768556877667577558875558578865688757586857587885857565568767755756885765676586567686785675688757586588886586876686778588666665556856655
6778657785776566576786885677775865668767768576777878686766566567855865555875666655588556566776758765768575876558757658888776576677668856776677758787855766767585675887656557576867658858588868758655876767856666767676768886
6676856775777866577578876688767567766865876866866585557556657786555588577876687576876876588888766557776786866876676586576687688867775877587576888855678886788565758686758677577585678877888755768666675858776657558666886655
8877765677778558658655688585888685755755788788577758767887555565877877865886787668886888576677888676878577555558688586575857577666856888857858877655578565878766776775667887858588788675865665878885756685576756758876658586
7855876566566656677567885788676788556668758866877765575556686677775788586875575776767857587687767687767558568577586586756787888875888565666767655858765776775665668585777575765568758855678586866688585768855857677566867787
7776776785568576785776786777578886558558775866667755877657776587676577556778866576665875675758778885757775657777667775658756857765887587755685568558868575666868667585757587887855578878857887588688787575756657755657876768
5668585657866777778666655678588557668688865877887876587667855855856575767665785577886868657677856867765866857686576777755666778585776658877757755865686888888887875658566687778778558788677875558575875665787867687785785885
5687555767566887865858666778878856587558888777556875677578566585787786688867787865757676578678668586786568856886856887685668766687657667865555678687786868566885865568576677657868778866667586755886686555556665756765765867
