3242444122243341314423231131334421241342443323313112113341131241113133443314214343234233434333243224144442221144342143323212343144412424322232414321442442141143213233142421234421234344334214134122132333213441331141434344
1334211133344113341232121444421413424143222334132144414444334123231342131111131423331433122232433331422411141314442233444124442124211324444432131212221111221114241412122314444211324114134332234143232131432214244323243134
3442134424214124214321233114323323332141224334224431244314414242244322133144232243422211232413332224433311333121342413114421231442221323114232114244211431442333131342332431213243321113222313242341413423413444233222343113
1441423112344412443442424114133321142321312232324342444424433211121414442424421444311221222112342133433133122234212442221321123233221221243134341134122341422113121244141314141321241114244443241241243221431144341421343121
2342243244212314344412222243332344224211341324314121414113322432143144341431113142342443132141231112422122214442342423233131411222244133113312331144231442231131243432322311124221341241113343432443221231113221213233433142
3441132324123231213142311311431131314143442241143424414321214341243412223143244421143223121144443411121242114412124314341122421332412143421233332331411131412333324322212114322314433244333213422224324131212113232412243141
2311312442112123412232243432144124442123413121214444111341431433334133143341133314114432343233133233331124242133323424314422343424444342142334311342123222342344341213223334421244342132312341214313124211313342113123324433
3443412421431222222231341211444243333123144122112421221443413331433343224424424113443322112132111243411121131131242141341314343314221343433111441222221412234143131434213412234443323234213131324311124444233132244123433211
1223233324413341142121114334334314242341234342342432232444112142132133322111441143142343414233444434224331223223434144322423444314333322413341123133211244242414122241424422311224142433314311242133122414432111222443313344
3141113242333414141124233323341112412344313211333141413313322333322112213122331332143343343221122143121112413434322323213234121221234322434321314341214233223123443422422242142312133311233423233442213342443431112231231211
3421424344144111433331311144411342413121211311441313424313432243224243131342333123111421424334142431332134441131143141424142111442244323112314434434331311443431231141121313114123144323133142313442114414123112131142233122
251516473758411222731635526814868227322262851365463185326462415224257334882886786766218683687114143881457136727624844528465542112532447422855756127543361834415433613646845872121165556166514813868253841486462328454433135847541731132337531726754661233473685822726235423434423257413763584354257833215375654763278234557465357482411612252278121776151557372273541763147856184858117681526315433145781716242145863143426115514163854845578756183351376648211452254264466831152875755326472556325617143372151813734163265731872558621645135521628652786661163214222514354753538321174786542282784644186738883743218861323683835767821162685535533285625233445283176854
871566756541452648822537215451243557885242588456361585853566645464524516477817365242653573815342777787382825234248673336461867375631534544213783264683332445514148517753266852354662551316868443513744775466655545678382726466665662533585284644465428726534477516735567648177837637316311216245244457465113682445833436285261466646747751243531813451777873843846865731566266662452754667237132557685485574155442385652461848427576871431628428478455455323147676314283564186614486412451486487483557111431531282817631784554844717636555724658247148615858482871757654686635335874563373681151871437761543713537176536131446273426641543532675373128545523235511215455
783553767563216667612888214483114728812773186271785281658318235727656246666322241627286813171584126442657315126332668178787351271512554826444566441538524421455212477565824121271476216243312176738436258355443152441182341261328263155572735575124748658367847783365447557125422315687146734536115847385776445616755343836283578536688741375834832474264375555153368671431215534282268265348482172415138512731537553373475272738561343244514274281266433264511757625563375878731487283161565414885777843421461144663438314316444332821422281713314817171374687442215554614168157322475347455167732226657172322757643355531322371712243732358321268746428517114418244447
777711175231547366225234515138355216255661258651756718754786873547468336454283854536327585636637731447521584843264532263662241431215437137157313362135782763773632861175725333653654281563467232673157123343566757672645126587246878884217258188613258156468761787417545168661152356275537811452431746272614621177152478432415222228773731482635284481242638871577241246533466535452836121653775667151583512264357466462477453438252141727256116861226184671425267122573338233575531856552182851723713642288477842833761228466688517221868336754764364754746523215688563158847444686866677388888136288323222282182647656622878126467255127358367713854438551347256514228
745532517712386478725141154872123885462532673425541234362761267717177117187131422484513852652751168358614451215687535268733741476472127513822683162263327213227444485456716211418767777374327567832726853216212735364544121255365651721145376332168471632361722125538577887287214662751238286688641112646554861418518268287155114156373736165637621415143446565281185726655266347186884654328881152362764442852451326678655377383165733364561458434622872753822573876732863558255526846725382777233335546762153847527842813715124262151265811117821432865221446865445715864415155867246685562488757815817884188328762818511485555375672372613638181641187462467464555757
285635781636687662638778684673341855835565631875542128344336114345815148847135223366248173417633815333648555763478524272316456666387488158244214732636553735454744866321453642818411776785627773132343768187745445738667413173415362623732415682753175737637465844314741154255532882818173852313876332215235687638845887881731173244158287566681586863221761726383272434231687327572726524161822383871567627667826546734515855737253272141681254877156511158886784777358477137434777611582685284746824515876458247813484635722152883152757776117267178374882311516117338712457833138835862371627823352258838761882238554746846185811756658467513241776211241845783327416
637484238542347287554223361763664338864588361583738245218786562634854536438271161463314746442262181768246538225185313621237716147721365556233636473521472336333353586452643152241284464868414117132287253453431375487668815685456664676412348311787166464312383127568477575767861718242355668464188121262666445237362621224217148868457151215132466438472478661154232823661424142532315831814757217742275473452121311815314171616484241152121547175548748622736677245173733347231528323638626714762551545574286767646238832223561442887863881431384225568172324565614483528826478648222335413687253723825225144766814668217412241581131341211367464657525348347283855424
445255563267878128764823634753256585774188335286454647538824668183527514375261222634443285366533815233261684223524433123162424521257416554576442756522452485434358383456622661746584577882336875563467388147387751373248357526288681864365383637774247412412826366562621574133623827586158867758752236186871715787733665551417813652285188186638465827582161834848532656475817267427635622512847568518441771182736551231865345286638582418481162112122386653521288175817772254781618533374321222542214863451776788611188241177877174647528617271571858461643142631126335375116281326633387674738688136344818722873562654426228253887656862484367355424273455777734886427
341435782531642442426535168362386338742682271223515481436364541455323243148645348623554635581887633411161736382125715531784724817638366758774183443474175634662254576771782585174462417334721444554237777565265258882684714236145638278487687862371283863136164885523232232417861731385462234538138647844822316571122511142483661141538466231657353115353263625558278387723741664244868838167318233346438564677472248343212638734452814325832881858351446443688888872416526447361123887144264626237718817112777571655641252866473831782584638445424122373111572652776527135214458344582576435447514317818185187164331275877883245115318823375863221868235372327856547824
245171183312523328318553536233643473655588737668532322232222853753316111148846575362173857213688875874312233435272314237436851776187762575863516143417425831441276571531261461527332754371271178484324121153231346567113444843251528628617576673251728611641612568722756852248266778677761252162376283724256788243325331527681854472117624338374763818617718354324811278771652246181356447275231647476345222432364286782824851471632535467118874281832252673856278335634684852473138627314512322624233231254571545747551
464465441871336866287758671585228787367564812873162444612835874364461625712126884868543218438377736442262485476554257131527151447836554162218384187228556134185375178163422683711311226247712563588267177423123246265688478748223345818453267136567787576445217835258744146823318848533265745282668463818735872713146457744283533228813857318512874145372277161187336175638342714583582113842123615123261176156375365316812173675355442414883443345161223486243461218578684136387735842746138667317351835148118366373465
683455723246621224716866233878432277516836235531675755657328114844217246363137862844583648722857184524871711588613533687763446461444134558224676672257171281635644782442248773144365124465728625453831657533564675576748537763612713765222525645711836725611575175337463212712744727146614545181873341323667447117575114264267172464481648136718447271818271247377247212215338682323424485683713878213886853437733755465346434848741616626376431211461855221421117432388537722864357211473287472856611126418883647718433
322122346617688144333113852333862382761316758888281118215736752524362775632786626187685886165828124665548481844468315216613111413612375838774844845643331133317838613345514721825351216385721322832187812374173334454818733868638127714124375643344245284527388346743313317225753832817137674153633543646871517776466734736733847438151745658316852261582785866336534543477246837824444361663135276836155672288715237214552513231732458127528641676168388158875343528872147821768636646381371542838334647167612127516138
335475577773118438488543674348277625831736745868147444467758387581248312774683383833753843487464864648252874125313564453363352138567385685631484226333547126177221884368272146811686483235556268441652235472362824868433171445613886738618187336754136381186563545313125813156115851481168265654414588253753768412636777181481234672437462575854847222643518314755111761868162814151871484832554647383166857788321783856537371876883488683781765138375556618875738552274557386484221715362765181858521487658558765411148
576385883265383772555643466837188132385435817743738712413244587174661171228575236332547668382633562335376588641761413562767833546741176875843837132425787227512458568555488483764583145431374251628275454576265756548167181778373368614885434128236467138726265185146231514737787658511243338412188644366131714542351738737576871214173627321534822887336328522157826281632878716477643467528271685744381358354727131816152517776863438543182675115177221472775522885467533721263461854355473878216346164754488773234415
536246148837621773547265244126738235434624514314871741675244615481143264717328651538722883225347454447116168448221462331772712686578358343161848471546746123782716467215288443562686765124772888578223861264855233881723286455475432667387268277526285183318557561784634311865848578363581466361428255326788212784732148757846738467488386423424687634435245511537384657388411815623623584686226781617513227132653776418612377114477277848362317488245465666586873818323118264638641663845635653756116381338166827744575
