6687587857776865885885575586667565857565856656657857588658766888655576588767887558888875567678677577688865886777678587566585875557787687668856865655577767567578575558677855867656655876687856778857567556757657588668755767
5767866858678558688865555657777878688755878655568578785786885577888566786775856586757888588767685576865765657668775787655677866887755755567557567778586765665658857577886767785657667755656688576785558658567576657686687756
6557567756867578785867567876767587785585887766578565655567885677866586655755658787656778787578778767875567666786667858768856667677758667767878785557875665666787676865876766676857866756756775575566655575755878756575757555
8885878655566757678687775788655666867658777586557876557565787878678658875785756576765656686758866575758565867867667687567557575555556756678775676675668586785885575687585567558867858678587578867665865865586878675788555668
8786756666856788676588785766787878867676676566575576785688576757558565757755688856888575585767756768565767577855656776658755657565578777757765588857865655765656758555558885878668878665687586568866686867665658787775785888
6667557575668858758577886777568776788575586556567665576556675776688788558775875875788585866858665688666565866767585886566656688575658558576757675577886558655868785766588788577685557887576656688675756555675687568687567576
6877565775678767676868778788887755665588785776657865668566575765565578656786677587875577788855686785775687777757865555656757886777876688577876767775876878785755658666567786765577585556678777575778857755565876767676567666
5768856788875888676867766678787885885778786666667855657658786775767777575855778686677665875676756855775867658587768875677668656676665878686777567568886775678667767876768657587576888775856867875768655855676867767885577876
7585857555765786558676686587855677577776786557877676686657558766866766777568885758578576766676858756566686586785767667866585666786777878687656677555775787857858585575658866858657565575767567565775666877875868886665767575
5687685685578777768557685777567675885865567655786567565788668767585558655875757668685768568678588556787876567858887856556878875786566866778568558578786556866675788768766556767577575868577576868658557658568658566588855678
8665886558856657877575588877888578656588776577877658687577568776688665888876866888555566688658676855686558775787578585668555656778575565787857876758768775558657788675887768685567586675756758685755578557865776668875878888
