3233143124423423411422444432442243324342211444233334232132132131142213132324134111412324441431332242343324244212323221413232423323344123142342421233124134132431112414341221223221242323423331421423413434442314134113442234
3321323343321334233311411243144333313212224432314222124331442331413221131141144322332414343112412214343143422132332111212414422424414242314241122424214243314142231423341141231343233242233123311322314313242112341243343431
1322111324343234322423211214213411444441243323321422144224222121443123214121231334443234324211312323343342344111114344443122122243343234232343343241322314431312233411213342213233232334422321414442113323114112424323333411
1221312123114243422213224333324212233313234112413234342344413113121433331342122144242434124241112213111444421442321442333444134441131233212124234332412411243111412311431411242311213321313231412412211424423231141443143114
2244331431133413124224412313332142123413223244221442242224442122311133243114234222424123413121123443244143332333233242412143231234241311412411121223314244343244343141324442322224343214244231412224323444343232442434224213
3443232241233431432122123243242211231343242222133244323433334411342212313122431324122313422114323324333213341134142342124412243433221442344224314112433132321344221342424333211422341314132134143442222434232322234421241311
1242222323312141444433343342211442433231413411333121344134314421221232433212414243444414212231223241323232142311411123132324312234223314344243134431241131322211113111424323331222311141231142322123412411412242423334134242
1121311144141342224333421442121343321324344221221333323331234423312331433214142413433334442123233313321411141244341341442132442121134411413312312334233412414443441211324222111313224412122433331131224311111443232434312341
1421342323442413223324411312142412211144233134431124422242113314244243133211132243332232341113241141444414313223424123143442224434314242334442324341132214224121343332123443312443141421333221234341121224433233412124442134
3421113414343441313313422241124434413324124314412422113231414134223222221321132224323434131423142343333334321222423424212324432321323133213314114341331424222243411334343122243312244424444444132444332241131444244344242411
2231213241222331432322112331331214311444331433134332231143442322434212322314334343441334442244332214431222332113142323323231242413123111333414123224121234111242421443442441323141241441421241112112222434242341232142422311
446276223467164741385543366537474318771147887582625642633525661183853472886332248811523765232685767841634626716234132611581424417354382582826576632263425467461184867183555645332433531642655185168781513146481882775722744577636532432711113761444885185162261355274481741277823446556341758157222443584273655162656582681167223146333526454148748712387762414621517754823783443174437633434163181566743212636813188271111455678868388831456861762411777338382318712584262663454668761476358266758881286413536166442255312777236272866263181722313532421815833347318816814858425364423476158836114431416482858548845281623167752747428484467245763571677731177767356664
727212245515354616541237841571784146476854143852848451625278115814881411751325311344176122362345277425165847738478324382677874441457117857881536243144634413144214784572356787678661858637544348511115268761322457364775353113118222241341547714848811872473161338568776551876666413852376741628862283685146465665387573133873863838323373833557246834881473215351885861361547437266826466525463516245262278761648317544745584242475324171734865587222357841814775181136288541213522685465222238451463742315468423426654347383647171272646241661417165121847184228252426331587262612163434526144128146448246183383833137573667358551376523414861267212251733827683818733
556864233746754238337381861212688431378888124326217778315654371184771378183473246146787475234574624663883435473313525581274267416663565688321122266756538851166542331437115166767724184547433481161652315776456877837642544275584773138588572243131386646168172225252776752846472672735743234551835542768216163114742877556112278315718267264235677276447526441631261536477468516344441584655615132346678723262823743863133845648227228183114554757214262617146551585187173554518314617155753486661682272686431528728182268725627817776377144343646483545745155648762436447658488541348451816752845786641312816286173727812335348644721844726566163254752747543867127256
544551467578676782473188374725641272712762431255474247482665372651212826354163461252511317825715837471841566556511233286375426448318243832378425381853642783476136774663781234323353584435517614275215245658461666213428652774353276487264367762642648583288682826238867651443781857823811126555857752415376467851686253166375228212356576128281551184364815124747568332462767167114285674613352464716781636724782735476462138748212273125234256336526338611287873835547136176367313143257587838318622376528677121683472628665582414662211514278152235552411386247181531264534785333763372514273248254747682415283225241828834263243887428311442783152424155378117645612
673773477861311365545254627311438135752413451245838555826872387451217563761757711637817768875878171261153845534771713716384837751372285822445357835148545228855268282752663614326224324422424238418548267865335453718468546626642661554663827344741184527841578764847151261538316257265386526466873467828185731484716848633328214828866452376313177747866721425288386771285278586853143241636776487551235668574277787643141667474314328252154321882282528446713262532417354753266523888685222725426832647727213443328175786618425374876356436571475318415233365285141674131766631372381352254778788228386828517535787564745372834571644681272727857513826455161774287731
886625287228543654261634362378474741341852475367817814276333451577253383385555427534674346744617463858441611612548528848247354778118747147177436524628747873445477725287777232757858248726233124637147147356715455738415318325567754743764564113428618843281446426342385812638234385115464624483576271247131745841363758732238476236571286233132241275432854866623868884753655562464741246448811488554763453326666778231515676162125138712675148312368313662482152788522381324673113252768217876372147881648758627246634177455524674231781161683137854676641278382674167621423347755364477138151363557745847565147264716231248725362678566765664765825235756113533681587
248225553546641626774575817472533262117355183666186175871142617218458378163551153476464481857516613686116756176577714217241776632764551138635658625553118234363425445367115541861367864381774785132332486883541121652567477547272266761542224586278672474135228336718884837678373315656825616138278778671617545214625863712243247147551833176163843527165561165163643328718625668565672785626148255255354173147763188251184383788623387551224845585653563645876638553418645537126424451568831724624487821584643514571768611665132621235282765638512367825527234287381512412416141743221872771142717636632436836641684155123764332542312318227612867768658218815712684663
861376665873648157185838155741422888137444855825558353314487878263131272447513545273734314215331341123381711424431285628877551372262124354137725762335173146736336324513757434486578835828287282387451776316768434374715751781425658314366648617217128685885327168315222181113477148887825686578468317846678637444233353323733315114655748467618155124271136147555416125654754657771258553213445681865453742235432258762325348357846475777365258577316272563143383114446862748136584235382252225814455527264137548624555631825577438516683647738786326618312184183725818421784732785115421733826672468776871127171388216747765881872258217678245267743257385836818135175
327428636661766341513867643511762434856524682282187686351414223428333452381833545558643112645737146365743487277281438218854328366242776568232471835544682443525487341371541217613378447411863763386481881144251352224878446415582366842522145466347582171373736851418557242887326738766322142532228532814231644612417257863881268687876683444264475324578117651633123335821811336322778184274322565184442355237578851472674527528773622872616658614686464738864256673512723626655733374821328845824365583781156244663262183175841667834323853434552834745652118376217554275455655453118276278571518782241413476285768626718273157856827565824563844733271187184613183577
343812288484383441476361463637618713146435554361383347577788266171575773522226584871665447781645276574125261561343824345862314253132878671384145124334612166527483372776445836557661358173865825632274641265655443562743386223221313272621874355577424471248414544682843631861165826877432626425456478376616754456146668671383165134116655558312271667552281258216445166476452375585647813117271541235543667575381885758437627342728588615324122461783314551334282531134811445878676313427548787177267625773668261814261
451628873138343818311457557331316524578582678236473125216223481568327336554226273837215611143458721448727683822284815662876512415623828788842625361235658181666878281265856376518882235465554426533354211462654568168127347561116747664658578362488215613875416873785851361878383174148381815638612268882222273884511313278128864663112555557658187115676622136831716373528118875481185436554785542646621252471657226673753578522631676521266862116756132314844722515138382358821313517643542526242847173571117551413766
516842541882724352164373262567627416328666371683512767431262873231225268326781826768886111624323388433622647815858815435723421142486723273338182755336625415231527825383655864222816422837726123138251738811821745678666671323514417456438754655341422638488673268213312132572656758767612111256848422423187133122438623782788468478737752216214572654133576367547487685221613468874821684184176212885744762738173271322322844821222613666228532161331228752258252631232314551862551647773871744183324724668565523146155
243886528681466851251886726643548587414451324313547857367234536441625337125143122616415645715438878762752727226253363515161664345877417588833785272414861181421564414377533314878253616855124736325136241237635568622686141238317513313348121884882847718425423337677664516611664347873777123714584372248264155831183178181578563418632526745564124137458176117553427118581218531265677188537121118583682456238852624445314428158513346887862441662345834848618643562868671615152456573155554252765228266526214528858166
231442781427322885851453785735518328232517727521641817286331244132721473358443584788336181233367884574321134464675573226624262416778873881486867448718552677327576464536847166275485671138123777624778868254868731511856672317837811371466726153874423272716882261326766267446364263772461337334287668685148145614141368187337663684363723125416267785558572421674736686751573665855578224522127366318445757755255667684632414624276334333758758822747284653335142845736355842184354216484656476774167455858221822231628
355158488632211656343634275658541628754113532316233851141326413726141363872444813146857834533854673856141717635658318273651657574342815886612361326634553745165582172575686857533148318862877215618723462374371463274335523235234422662842568834875466472756624543755246827843148517378577782711136543617451422531623336326545644721632243513653176315223771373814366427477756513265752316153877765831154663654363575155332311845258431151746876537285887245168834376134564358372277815372314571552463886812556647655318
185824587841254772314664174787314226236486824737127241315448162136282166836877711632583828655275651575248313586867111182361865542841571128816423731162172731831853721447568888476812782458233275273512871876876437852413482217532732476545777721646483446516743517284313252758354233873181415437777253561626181314454872476144746735342376533873417467165341766664775873884684778332284755664226552238321641653714834261841586675428232267786765362713714332246385211534465851765151616274417453285232778271823521555687
