5856878777887657587666865887855676687557568587755558557755765566885887878656655785585858577656875586666867688585566586856658675567865786666856777587688768788787687567787777565877856775567667576857876567865755656858778787
6586677867866657687566786575687655768587687888568868777786667687758676578577565566775678567877668558676675777676787568566575687667687565878758677685657575658685885865686685685787686755886755588587857775568677866667675788
8678756777788658665668666678875755776865665586788587865788567765768776668565857755668666866788657587868868658867856668767877655887686787677658788856587758855885856685886675565586565767886878578657855857578585577675675768
6586575868656756888577668765885676855757556666787567568878785656567657676886587886676565765558786677585658668658565758587785786688888786758675766678785865575658557856775788878565788757658676788885758775568877757768655767
6666767585755567568775867755585775767575556687676588656867765675686686688688785667566687566756575588868787587677886685877556577576677767787566666575875876587855568857655585678786768588786658865567868565788565756887576586
7667655768767876555587877555755855755865767555567577768885867758566767868585668586685766658675655765865675875588778657776675886575885685557575887875688856866668675658858686856567868568587665576775657666655787877856786856
8667678556777767568778888678776656756567575676875787876588577686665765567687577587576576586587566675657567856857785788756855766758557756675566577875678877686558865658778755658785578568765686877575556866557788875677776778
8887877857676667857585588868685665775888565566578568688766858757886657568565687577756878588567675575877888686887678778587657786555758866868888687688857787656767655576566855686766555567765786776577856767586856775867877565
7767768887786665566678677587787766658875767777567568688655578887888858577856776787878565668675587758767687667867767566678766858867668778767868867887786557587765858655778777656867876658877777877575558757855858886886786556
8568775655585568878756768575756576586755678656676887875775776686675777785888758567686657556877757557658866757887658755558588757688858656767685778755576786755865766875667568888676565755686787585656776677667886765876665688
6565878565588577688655565886778565858557657557876675576688655575686676658566787688867868885858657675667756555755756757567567888668656886858675786767568868787786887677885685577567677587866865578858777778558666588688678785
