4223343431212432333341233114221314121243432413241442411342321222441121113313142143343313422422122333331324132142313233323242143232234143344441143231121424443222222114122224233443442333143111242332111234234222414443413131
3442112411131341442124424414431341111442414433232244431311431424342332341322211314121412213222433413244223223344333422143441333412323334431223412411214243422222214122232342421222244112323431231234221442214244211112212324
4221133324114214444114112111224412133211231141342144214413124422434143342223441343213342221342244223421333122442313341233341121123333411222141412442441342444134313341411423231132314124123411212442441424211123342433134213
3113441433134241432221411432332314344312213423412131131231322414243312432321441141311344241112321442113142332113423132321114421231414332221413123214214343311432142122123244222242443434111444312231442121312413444414434222
1333114324222341124344233433244344142414123114132242124142112223313414343312343344343123134344133412242242321211234122321434442223443321124242222114243231444434212223412244334142434434141224343424332333123331422431313423
1211421212322243414431242244223111121141421423122223214233441413414124344111423321211334124132144234231234342444334323333333224124443214233121324214133124123334232212123342133143221311341114122344212334222342323221134131
3414343134314242113143413244131233242221231221112232133332434124321322412311123334334424224114424123442333232322312134223114331321322341414413242421131141134243323344333213442141112411212333224141133421132134243113331112
2212244244234433321334441423342234141114131412113311243344211333322122333232121231221432222434312244214343344434444414341213422143211313341423413341224221212422331112134224433312121114111132323411241221222432224114143421
3142211344124341431324341112122333432124414212433133322142142221212144331234431314342431333131434413112222213241141214141233244131212424123121334234232224414222342131122231434231413311421424132242123211313441212334143424
2123224122412213141143243134242134234232333331422144431142234121243113341432331143432341423224214212214423134421411132433343324233121121333244321213221412113112432224132241233433314114314333231231142413123344214134144143
2442234233332311234324243221121244243424422321444114323314224321424122411433113412334213324131224211311343444114444341242111423321321323214141224441123131331334444344312242311331311344341314242121322221111433341224224421
138824524355426278145183424112521224371668776255318183356813624221567843277718643253348873533212163322885255333865552836367647673575116152177856645673778347384187182166758744531134718558131334325212127137437612578551711218461652514883522316316377487584152858144478541173568814653111655735871142485511847218721711241522327477472457136327233186355621118268871782678647747612487685251337766713373336728522544178142747685278344462748233588261861262384428772586881342883715348774545482334676514273286527818657236232831158351372815566444856122388337613534262472426554381354677174627382245512576655684323783243455447262752765838322833547885176884886687351
287728481674537765374278586551418821738837378618143816383156511374477633787377434756811872434757246512755627687266212334813637181545325515463342778844657452131753864613784513116181835115284264471126625616578157871627583638212686241458464642517851457685167664226722522471587287275676326631221132811658534375861381751547477717477735551445213824723383876217762765271841531886131145373344511853547423237167456147663336473523168411825378535182135671166382832141753285138483111544847855185111811681185727381368515737755663261141733174813477372171575153144281541153577531315332348663517833644231612257511436863887238466355511365117381852557276734671742665
376653185164843618332688672575587831242165327624616536876761126823354478233475144256641438368451541465574652438627261685664787681518751446181563564218713211765633431465253352265644458622264585418187137375836478164267325277383861248357124418154365426225338864357335517277776263571363458338518853166211556413463262121655681786814562286547324784628416312666427518781787336437845454738652833241264136558276151867378242251784423415376431243164885184748535545846768345427151137722838731173348282756816643522538726746376454272633746686244688171611187474424836432835188658563855272661524662333535375484516865185462862775262674373286877532433143243262661711
148454523736812666336745488515635822262155733114744236287288622675228511635456668486311225384687415326286785361571488346342221563234541328232532552374255287725436782225666541283813548723633118578215856731735123675258358848811317145514585376713831827616164715665255837351277211388274585541781813278777618643511415641262716466653513678724125136415772234324526444376427286724868642453588827762176851128664557585557475554452165886821712444526738573513755115428287373715132156565521671383623186214251188276474627687268711343514853445552341758857736552544743681315266747832426638443156788215344747125121536772437712623685688757328465437141853828635566685
477476187487444515744222753711221616143258317316716577157874643646642638636672333115555388856467752656887452455137374755181577581466677525343283481651167853226463227673288277344885681666338548856371147548828556836457432653765562275361776727172151671643316253381486247587812826251224238365468515645341841433642131572618254388451725728267613521886726776525851765737846488477213668176365281514852224163741621278315363217773754216277822355576862586266378322674143737783861182617316548147411287674574347766752314686868776385883416762463763337124422382163687826521768334521235454818333675278887662452632331364712234661725665754652387563476666561514721343
451278757771435261373765155784176677837855371415537781866512515454751461411375174475668832826126183683753878846426818148842851758336481415275343112838218523727664652676571484664757662358151817574634541741762325278786265532353422551588881636835653821657451833333838852232516787334688734142478618144546843262251724488751834767513822876575225667238175683417657118553588122841378357844171112843331415524386774117187313331338563658535545531278286122453826662865864481222381435132436511522317616668438783837462165168154287216875851542721721257482661575252835344268174742846661644774772287127621715762323125885821135384558132723166328685853268143313241642
885482858676234212675634442273333514768721787675286547776727836121787546176841412878382482228133146322368718362252827833628124764332434252568245584637536641244282324816657827687358721117322385238552422122154872316181768881785826671863464574453813235173478665567211757737457776438162785373484467771223656213786642465125818665818685243776457225458167664172116233436864754462787747757344163337342712831585412742624335252712728257735583725746252854218441342616451836783455442681347822413861225545461144161533787675844157384373162135538644141713542588613486525665864781673668447412215641478154285557425567463661385618166818654812556863455557474463858825
231184573725426388873841433572242378838216776211178441473662661778426488737365726115223672552841724234767845883313327641462124184315357354262322732634611153841575867861121253856755436586826451741574461218644847352163261185717828283188515113853728588682138868733777787228177648383387824133571513772346837585372517563624485655844812866375513156381234733441661236374222815271476381668564881484476464822887113272444636422381464877755884816564148337553667121614261147243654182616124168147178865141622826572854228744588816764428328444388222887481281885218243287431727768774272886876273527545768626882676384224341157317667244161577373638785431462478235713
356457675483362364854427746578458834687431812532854628217116577746272512345372254673311526225782456432148621578236443821875342428875566685568237758674544556322224178343178325645116642864153255654676127156251637818478414586281884354516578476721451437541351363358582772182387327435832543354783151763531531737225747627771611133653544828822676361764546856788318678413217761117556571618254321282216425512143843341358543148568435312627611274734776312862182343535788638434873127641324242186121385548738554254445567241677532413678526722361512148116475667881883686312757147338666157868334213555154532671124753757775812212124731585855416873173347316332882566
124522381766757413718544718542374167684773475343137767511754474865856123326315313413347412642236317264453261672167583536717712117144248533382327873812342341171672748183511141413712517774288232618654811222242728585357424662253328265272862558875847145667148834621616676423763837484766512831787777576713283538241731618513347342875555278248244268126463355758256222286685545274657663226864647656565215275187448665314224867573328867627242766283674313523142878246513235375162615831644763784476252326388432128117
871571687745281162771328384532612318727366813386277783343667223388671888362657547577175316748863425325872566257531887148352764354877468682735183176473884858161767266413883372665432753111372737333324467436334874551335347125114545354724362472561857535256757178366883185528627151756355183457116371725737261455784785785424834821428463765365618721862752643281447466322588734671181483437658745231223484473757476533677857426385722185383534883246647111348165814421421826317845632586351655416527312453781118343548
417314236423843678827537342246673353476422121486457412384264436462887773768581378614346226364712886154567785485837418282428465514635186413688555166723266413573138373552171176215473738636452248272225873141525725285221767182156612758871288686817833638453376355863428121356825461227425827142783416465243666886516827664124662747622744372426313766276768642316242567585547736334178183277222757514732856775116856645414852357551563542853442511865688715721128377264778315145237216864743324516655126132421416754721
352122335314142647288765457774422667443144267337383827225887544314232816886151856378165645874338842668557224435852431458553852147842561244177871512461658331616376111583472828588155543845657373188651676531628764218738853177354351345265811731442671158218727528452544552113864114452787628318216771185268435521814847583483422471524168361852333118162832167522675486724413864744715428575375743836583382764814767652412127581464421555128478414773523655334138627554214363133265613458582181473346161286236234871578
853257317417854182612745763711374263574838657741182532735776541466661178473164535638681642366848842324227168276877116616232615888156478858447774635822275787261856215616116273748423111151436171754255771385664785182887772117655257244851724548275278284468388335243667257814387668671818255785644457467758434653657817251882466112812747714756731361114587581123863856685144555751371221875756714248487474414776275867884333823684178864411828275821635713234582145713832147813334712382336628785735711641655322741532
851184845731482344266747735762532412253213524858711832363774826325124675626356124637521725225562878611471414385213873768558775645473826583462753466283646718651576667436574265148237648748778758372272716265476153627661882886785312237825634328341386313246852778872532454285317846311288786771757116256374253278615228267241756682117773135418541114674344417612666763745248776357724537648847545771875582316388585431723741375227371174522566765734165734558843848232154268438462757165178257164284361315831448666585
313355847628488663254284277242688865133472461727132187263413537266861467761555386533528233255141834764657776668785713515354772788842865385571358573658812632864536556332831283521348776866166688828748463858651378823122522614466786815184474337165774683254513246127613182787171824721876731662158575653667415128534634166728778166873735452548852513384573567782351725241135185867472135464835817664688626483125586517758852874113838122477585673516816226187176541558737531134788556456183448567432841432173225813581
