5657777866665875687856885878558778776588576676857887877855558868757857766776757675876786768756587858587785868565778758556877686875787678865785588658857867867766876585778756656867586888667866858877787775655668756787676768
6568686686666666757568765557687768768887677788566568657556887677755668688676687588565878665566855558675676885586756666676878878768886856558756577758867865675858678688685678665778865757865575756575678856878668555855556788
8678568857677778568868855677675868758778556878868686776567765576658866587757678875667778877756787585787855856585887886777678566676776866687586876667656675785856568885566757777767577556555865768588576865775876585888786758
5788558566568576758768566866876765578676776667567568686588656767875568578878556555568585765786678686787887775667567857675768658568755787587686586888768886568766678558875887855576758758858678755866686685776555565665857658
6786585586785865788786886676555657757856776566657856668686656556758877567667656677687856678778775887886677558865578686685556576576575658655657666588785886575568565788687568875656588755876687655585657656777567777765677676
7658767886777875576777668758758557577677676568868687757855557766567756785655856757758857565765878887587566778886855687587686777785578676777757566888567675685865785787856868575588755857668878878775667588588787867656656877
8558568676786678757867576788677556678577657578777577686865657665655755865555587577687777775855675766557886777587885676667585565765685658586666687768888776777755876558765886585686668657586777767765878777856757776556865557
6756688657887555776665865776885566668887788767768656856776786766775587756587877885577687667786865666857768556575758865886755887856667886688886687666568768555858556568766566678858777765767578668566866658766557677788865675
7755867878587555665677668876877865855566785885666778765667686678755785668858685787865788888587578887557557578677785676587785586868786886856775578787578677586588575877756878558776877685767877667858667687678678588565676855
6856778658877557756577888555776658567685865558675686675865587577666657587566677888886887556767756757888885568757556657675577758668655767768886658885878555665587575687877755555767678878586687587758886765656677875767758687
5666658756785566885877685865867678855655565687875778786655777788586865767856565675877876665575876577677688557558568555587587876886686578785676887787565886777857768678786565778588566568785578577857768857585778675885588585
