2224232442214424243412213333441324441143231311434323224443113221442444412223433124332223431344444344233244441242242312221224344224132242321132314124241214421121424123343422111341311221413213142333332144121241423431121132
3333234112233411311241311113313431421444242211113313234331132312134433324432313143134212434233311333221133344412144344342224134134422213331141424213144223143234434112124132313111133241112121113334142432442123112413342314
3224331434141412224224231433333442222211233131441313331223311343321131123441221144433232413314142314422242343133341421431434122444321111121414442334341432211223443142412331334133112132242323222334131314233322212242232124
4323312144144133142131413412241322211433221412334443341231114434113123231242434134313113123441222424341114124221132213132214243312243142111231234131133243121422324234321234431333341434422144312424232423222421332424224333
4212321444143442433331222221231232222422133413211333212242421322343432234424142424234144232324441344341323221113341444232241423433311422211311314121423322412243214133223121221133212214334443243221214322243222224434221122
1443414234423422124343423414332222343141222324432343344323411431144144324341142344233324332424434244111224231443324313231411434434413322434212113423444323411421212434312443313334233322131222321414312141222144224132312323
3243132334213313341233311431211234224333344211433114132344222431412321243223411124341323413213113232223313243113134444244131422444214432412231131222314411222122112143134311321444411133424421432424233223412143314233214211
1343122422343413113422224314444241434232213441221331231214344221444324313231444123423344214142342213334231124223241111142214321422134343341412144342412333412141122144443331141141232114244211231141311224311322231444241213
4144434123343231344442442121322222313211423124144433442223314434221141411122121133433211113132313114221411211123441244311343123414311424424212122424132133441142123433321142223431334142324313332111322242414321132432122241
2223311442123312444234241232423314431132311421112434242342311222221322234133131212343333141332413413444124111314144411341444323213124222113211221224334243222242344343244423433211431424122131112342231444241334111222412342
2343232121133233423223443333422114431434441413411111222131212322244241441234131223441212113334324414343424124222331442321213124131114123131142434231414133123231122424242313134144332134222332442113334334334421412411141413
537357171234844425267836356151523168665486535763776776745751861471426763812377455637545387458227613583478761655467671334561223767587237853863352326286353631636546818248586354718247775352451673677517166422647252631826833453118648724262178476166831274425668433556747424851447184622455483767783711813257711716454326546363457867612741555155111776332381447842442253126674553847575818331753671554564127111712878268472144864242851788852212524711632482425833471766523686525452874775371372556783722857578176831288713115728182866172648246471433165538185848476858475536124825175648356843321325456826718467328115764783286717261253528673712555565474112735184717
163378413388778277272443338612437232128427451636323755534357857255132363734564377433456575382381417137171552781385356572387134435531542384841678637133521148128546656447263118317654646417817482761887523214213454753684561734333143813334747465616134653231745213668351316626771627382341357254453737524346415357335188146381563546227114466652464423663377753264316471333228831436862277381574762353513728688418342874133466477148685618116214443571635834776575166642716531667333236314576611642252853788142347582114146272262575581417727767815248441487154561442563582832553116442724165313486313848371385646421128371862785137176711565555438745422528346636612825
777877422144658122662836642282468184214335835757748834236735625486485515824535748731338585832572368335485583112472364553654141414485243628154174571231738381172215854273446672843574586687552811288687518556438156374727172866866734861632264883425637135617467177218368474413673785326838217867888766176352444262238273586817117683764321744776423853756861665451728748174454557338541564455118675348368526221526427248876382746227746465271255744314481245713847281532622272457624656312653556363678488435185225477211262425652827361377838713833573424864182713454123128767224766476254825354715138785562768333155558536142868428133458561624161425112285683322615148
225511813676124768663762611468176323721628763545247535844884158631346622755578237237664646855161478643622188361634583641715281865728728185225341583434427757288124146131252777151263571483347247178731728832423156135313886222213222354554583234112732286563355416514268317661671243273746227563551372542337648568835748658461561565425661111213515222828254184623227623862852721643318166866362857278148814743722743144884681581623126351811431287421656556177247331856736668215334141258448775556574762711634863588576653244468316635258544687625222128144576431475272737773857427863655642318646323214645665485261152741884672243647382156618337885681677877767247155
767832564262478166264762846374418431735447832587785166833345764173344242874758674623341761183566618535766378812465342884213682126645836652271144333555286114444417575454436551287715441525534618158747355277263415874574644521464787551455284636535347732862114546135345813558533113458434733387358153128858767472644785363657657474644721263862617213781411714777331763827754264534748547188217614635388136565282637671246838148384267667633122738885136135237587243858435616836268536186422414748732233877332385311132367718584726773555462333668853176426177616782678362677264556233488127146612511557164861421383151723218141553526465351651738415452578113241372121
621851246127656585443376746411833614488686143634126555486532843551844326243776671586686414356876887151738172126764825114741831336148188184753738333128376317723214221746877848622838636637587752416575362518511537538778672577523875216322277837222833852848173312847664734228147421877223815165832212775662376835176742327375782324253248444125267572432814747635645382824564734763243536376424286178355478116417347773124477355786556786854443325546643324878148631311684118517327558343335145854115376243457444686436588473785547144162125642564818146478643537665217887676287767565464473642651841422174346648337842267435373177741117361625422323858514568435171625
217643584277741367535834457418517714656527768833377837534348711221375383676615742255435144753367815546758174588687477758418387842555312764376332168837558551578341783435474211215748527172588454533713251716658881533155633746671838857318145533553768866642514728623848228863857668852444852248117852128647524121347247243851568351771182123173331721423876572872447455572722471431331112535188514478242432453118137364826267832363756248123133315255211517812434218628873316437762488883861421545183283363848812686482454773876134232722658513278676182542163576354758156415142345743577458171373452431257744466535261462144823562352265314687385714125624554513223121
881316268155434485776586532511362218818725785151544672737884745331281315845853382675368357455837874478414428553117525762785581475357111334145815326627635346885325465813727218453848176288872324148765233546235657163216316765856666863635644876185466457634854678354432675618657245465362571446536864762266885545173551167525474752275643683452433555662386627124788153526332114181664148316234616388743484322474431383435441326853682478125413283785124817615641354485842364123882333768864588781277175134287351347715623372888768177574884168554882784345634381624128228646178333484741163862175187337122768765123771868154847516365842861441178552161125312525765284
158218423761518872785772122355212251625168681611425363471317251244387463161187537454646187641166821284871457733647378646464168555446868323244177265771417387876753245515513446162233182257741288387335885148638236137635427738312577842665211863541163137548638886243511774848246752141137676868236647217512311862216272431777633354788814317463415654473832587378767348487127236285232422353831714165616131226474585432236741236868518186526385861715777383853631738583516377152314852816381467743726415852781786663177624583778276536534466171352332655888865445655642238446141331454848544343263456872136222664726254152736421657517151713572512335318478314823434247
234311868842738485251612224141832611517582132217782874713323715325747464147877228238843618248556774126461151776562716285218533546167233632682721766114471846216683474548761163128526558782688832624633537363621674316275476584342512667565523732722736115566228473688836268581272265481647411482378532832832713756584713222572182322372145317665374548451656872481741468242748248726774486262812776777628485371423271333167481325145161861621187161682434313731313731658146543454623643784226276531225242141464737862157
674625682721537645743845584672615683514636425456772276115626872747641527513576127178524561453563223355713223271435152268676622172813426842676541371563851468481485728467215683823726556755824656763521317131856555561226357484858881525363557267223425851436431775522824131236414281855551264466767351273624417758678735746222782633222515632467748767172638236521884446472548638556844864571872826574425466672656668757853626451636565167663322547544533456752464768314277825161755452515576465346131364423548524564144
752561242213483232613481683725765443664725442418563311473583222261153137868332766245322642467147316435213477735581438754611812862423771238172236418762672138683424247558688777742561646826622835135382547211683742125523373731363661812812231216834524422334261126732314555226362761835567847341852728886741755712717115442817344782237184548788484537751346748678113668487464288211363821838425631872127123844418174815554437316636475235557463865342647663848248781784726624855722712447635224442465472654586811732875
786544532458513244171128754437245356452728734871786226544527487641855527726742214723357323245332513245551773847318245575567855113674817838182484537276763427263563762682657211855818374715425872148221572165511428638121354335838466865644822351631144865774213346372227247378212313876444737736222154126433855534814115772733868444541753465647553163122715746262612613318744882321543715228548232573715254142752848871441243657162826412865425414775521758647725486175221484156416766684413147856852454325374177644645
741556548622285384544742564466511684611424762335283355863186834125584718855135756577417563463655521476471325364533113735376523172854154886474372284652356123534227572525288152343173141342458272478174558468823487487522642632577463513723462377276686227837431356156586826868827384473542536578814818111834654128787385345556127145545367844831242773765738436242648511682837211814143164667762622117727846668571557144162621337445335458743642515371353743851871318436271133273833371468348678513383186337273112334734
253231217817468371525512311422611825415116523163854142654443755572784167866362782437761631378148567118672154431633632772142438871255466427155131275375638166573182544866284185861227682438578612133311618162456726122252364431472613342417426732317813455286488516252275132611782484521776454685424246656177617773413382453226183264878728568752547814216617116657825474456182556447727171518443648424343135256164458146776172318774321827284615672767535784616115372164658156188132758421583767363687465147811828123688
712386411412228218474321721266643427337443766258624238744585526828811886723378186212644642487878815272276888848614125845532625582126175262724227114728668228673587724718774686118755366182532866127743381644486578586343326536351663582254152615266277511258648865621162711747538441241362111536336563855267411543646313217525833648286236534118416234176143457173677448554738851716468285183524485356543254724884252513121566135372371742766231221271346467757785775255862528476121488426817256727612573134584176237357
