6865568566757687586588688857688566778767786765876687577878676786756588658588776556776787758658786767578755855658767567566667876587568655885567888756867765555658858865586865575775888766887555865855658857556866587667778685
7656886675757868765856566577787585668668766677868855565875575685666666665877656675876887868878877567586585667878676668868577887756587558577685878775875787558778555878885586886865578778686865777586858867756887685755876566
6566867676858776566575886876785885858776666587665775775866586865788767885587785777876778576777568558867585867575875785655675565775765888665778867556587866878787867855557877675857565677758688788555555786665777567568765785
5675858688878665775576876776656776657875867567877657856858765866768577576866787567567876567588755557656755758856768658577587876657585656668786666867568765885675577757678557565888757558657567576678765686885777757875757865
6655568558756867788675775568656557886667756665575676758667786868585865858788555878555558856657877876856557865866875866777568666555768685887557857858755887857556586677558758756577658756788857676775766557557768586658567867
6557785875555885577556576667766868756868867886677766886576578588666656788787565655675575687857588885758668675655575878758565566767786567865657657556575566787876577585767577765866578856855875658555686565857788856677888556
7875757776855577866686667587857857766875875885586557857568565888776777586567667567855785776866786787565868756787778768785677576575777585788577887587556555686768676778655555765766855775765755676557765675768866785667556866
6665555688757786667668778558565856665658858857658855775865678686557568688588886786865656675686757658577675875775557688877667866885668587777557588757678677686866875687757766786866665675857755756677878786566678568866868555
6658685565885565756766565568875766876885767677867868668678686686778578657688855878555576877767577687767658677565677668687688865678656758878656856758778687585885687765668857866855576785586767566755668588756685666587875886
5757656857886767665556788758577868788867675678668668887576886787875577778777867677857688876877576588577876577867875667858676656557586778577676588775665767866865755668858655868576785558585868565857566757665766757778566677
7778787855567576877778886887775758665775558758767655788575687678558667678776886675755566668866675788775578765578657678586758576886787658567656667587888858875765678876577578785855587588878655868656677675667785588578886557
