4121234421424244441414231412423124243122344441244332444244314414333111131143442233213321211331111311413223414344441141332311321243332443241421222442233112133133343243122341313411333213214122241223224112144141123431424234
1132143221432431333123134312323231221324224333432241224142333424243241132323121143142411144441413333413143333132432312422222213141443112334311234244144414341224311132441111334422314213132412134243314432434323222442222332
4134244423433113241334111121421114342223223212232411323241424112222111241244423313432111444334223412414422333224143121444244124312334433113414421321233143233311321142233433133334144423121242443112434332132134122211441221
2412322212214242314242221221221244222314141434421243441244432242413131324212232433443434221441441321431423244243331134144243243312323411422431133144313232214113431122423114144414233324113212223342134121123321412432142443
2443444431332131433231223423423243342241131113434443214332414413344144421421412132232431232142123414112342112133443233321213322212222113311212431241442122434442432121221333234413422243131221241322131312321442134114312443
3431322124124444132233224132133212131221131412311144122312431111113111332444344141433413144342244244232141323422413333343343222444233421431322421123422313432323233111211413334113141141334314432113344243112242243233324134
2342224231123314343444234412122412111243243343143324123413411433134212124313422132241124224114344422114344424434214212324221111111144443113324243323444313141213113343424212234331413142224411242121213332134213241244143341
2332421421431131121444242142312213433221342133423234411333221141312422311234421214142112412121333411411344324242224211234233112431341113141332413322414224241243433111224431433244211423214431331311314214324222333331444233
1232424311122423241131114324423432332243413423331143132213233411112443122132342411122221231132241143242441214243441443144211411413422333122112143413124244213423122133244222243442324311241444422222144312113213423113113431
2241214134422143231324312324312121331344144344143444241432214444431234231213122144312413311144242234334122133113221443411122341344241223222442142423243244444133441441234444342431441233444332224242413232424234322334322433
4433143122213114111213413421242113423323344141412413444422122134223232124132342233444113233244323324342433344131412413214341312411334113123134211442342414112233331124121342234313134112114434111134112332134331313121222414
868775356773141233156384428565386135561471254554755735728568433756721413664177588537585358514447667781766524723882164764312234532283374372442662218478186532688532826787677721124481255832238257475711731822656833336141774321383633255716247482471822123711431418858567373325856676385658652764352281364187847115157143222115644776354251245113721214358833531215517665845874481358588214567662171124444541731737888126413321482263175527528238383664468218442575381618141158483838448835166215641728245725832718325245238681472582883571613856537217247674782743135831867447344267815542464747546743456745726643566156484832351637282823548152121276253874277643127522
372757378511457165732872785261857582381481212886253362281674365461436876818866142268883112146334666813358766871556726616435442736813257848322281514487156855362814228364241822825762566373644281857725566481244481181831881487343726248336371735741155366516655456633545757477541284243673444863141881411388718177126868455143424286165231345178674576385782516123438155148258712217856174161365865532465558268385216261422183517448118432126373283367853715387417112375221857471786418814277672875662781267547771366575547574311568445453263361558884278247255767237754731616438165212328681113212184267726734648838752416325834253152188532214623532471641462747787561
252554237664262542323142475836731223432312515537416826118675436128682164553474614414446487775475278782115324153356636617445624457613215327485166872622388521216238333244112126671437521756574645851518485848421243471131551478675783225846222382124523536131583263758224863142856665353473851587817163236478215458537211267247727378448724187574283421212833126385142713527282841314452667423574466125384214255212523541268581782414466887583578455781711463882455474433684634484118338411155617255724832673756477258851141141314267622573266678685316268514782845525562568833834165766477346848883142868146161372133382162461528668668438841422523623852135723788755117
313315767764243266181434548317371387365863356778528838318366486226365286757186185178832337182353582416871683241145217516588851266516832742367834217453321136142217178115188325473338723526871854623844152514723531118441851656177125287358482543525781223283684566355637618374622817151532883735187863515657478347668485474441347572356488138853417488383626526181343271452555537863823874271133787624531743746146555188833555336885453745881136678137141165866247145872327486486728531371467581845836221613574836681372233135561177557254157773652181112337364727122736733431734135721768175725882784152153172153338374417121772465821566423461364852873488873185566513
444245318472537674431454635875582753641235817462623543562165454284151287214526867613316873834631714221536842833138137484846743818635678575577158871142881547241463181524862332835637823455124667481582767782415154814811846462524762164262856857615477727863232184261222115734388148477413324812542677751248656518768528845672366648275865251121562187336476371451685255665142635676761158212134877524662631435771151368632728531277451672444683312427781211273764647676862425321253785432163346317725813224557717175678882367815753322271127655438288341228167346653544531762547186483873537255735756244255877532624324351218351354265585577768552117541671125183386618
331568718177716747746122841757383357555754618328517666624886254127766737482346575653741171842885442458732411664372824763644872213613347675668488632583326634142464143182464864178831331775447488522138312578411521667554884458741751688446278363854361754785483247578554512641832555626351535484225364237576357534783683321815386662258875676183171753435346284127514227312635332416158471383612283338744771883175186642436346267382115728352147686154333472632453272221436341721587237465223631134353167127346436718361286181517248136238418256347776631156338882542461213866387864643863813135614433774111654231766256828474558464266812567752213754183137673545253382
247245244383477231877265715853282735358217316552686357326637283173131753288746472876566714554341634587621154272544426818227786836521454452511564376212628688825888425342412422167666113654254452363465482178116431141884344883487325416841412151656376864336368162623676441678435558117722563272162535735815825236851738738177725386581654217521525613744533542276764758751655652483316475814852412723668778575787341822766143776676128741855381544861627682575257672625316737582663485622612282167567354456485757276433746644272341524536346717166718385686865336721866426542831562167835867385263327576824157757661482735647421831572721384721163632521572142851875541
214448148263328582725446165312786867415475457157237542787164384413754887718823587364672843788664538722287576453851566633331236367815426674457844471284254214212622377864788283162214752834742847828656574865884323257526461213465531565615327344653133681413125314336483571336288132753634583631312166662766666224882781123275324783532541133858548631435258724365435556128738242267656375286137546315118383757564677647445334221437216534873521253215577348635315833386615371374643462683461874866757761347374832257184175153381615352222635252132224736477415822232148288463766564627551574587148713613848283483875224618142348174356415846651347531826348348281426245
762758734533332521256657672547552162228347474758666752631758376553733247225767263234218725712775241234221472467816857161144823463654813484468182621452187141532135886577764458242767486228665142617886147165483364545181713682481587837624482526663658254264385115228241686377132466225363376633536782648263287266457336876287735278386672161545625133212616552823473142155256273778886737651571147748137386273844337238166612845353618744627734287163461643514758635734271818388474657188417468788755473326511131184752482371884862841663138268828777244312878588182673271357567121386678144383576658453771364483315875382811667738822752652155655113514444712883333364
826543678645431223618832417727457186825888735726771785682527286778255573546816531317742357451688753277487718558445872826586432481337754114112261777444172173754263654282244636478664373433481566821342532564327161358213588842811434417251774885751312122226443557137318137511188126517675521424273265531822388515227563156522135638155427246658252325646661616322414352451532232148754757172352826622261365113771128588331624868265651625444225522628585786668471661812241225743867655276643368251714772771324558156512
287733575683253772843454284138467265226346856661131438412172385665616376656245382786114256345386828187561637431423156558523343825774763735126412732688448888316376637188175628438471237232482144374742168174823228853214741686568717363574348735168856734365656774767354115266326558126858477585534555867367512135186284624523116272467143224878345113547554515555654617345417666464886123435875857748816777787258677662315574537721178646576587811475222238367835571227542412442253412624681418166811663152414867387453
136666881352168215644234225485611554784853477325837717224347834717141364877462554182478673631834241784573282856631212826211876671634842337183263762368747168144336553348355538548873125587113451463437775683373345156815433544372578821314715115315574187834423723186685437327212655253314274717437578425617435547778234825264668433751123657444735657341717332753224312765712347763738288131153786642883868733522838664871764717578534226278227574335538122626635358153666368515412223135453865743216848888256226851524
165744813317684328124365422322815517158654281517745426455821743668266732874677721343712852846447175726675857152776462787441137631621866416661854835836358776652741638253136418121645847477252243727512563225657783866346413583276462187765673511177573334334247184616737573117142716386271422421788112256683363152162111542762117467721188124281488871668754466562882413458237281722714483863565715458118552163153484624724745261713223285128528548221818733817615584151525723775421275275261245552187772527218455635214
746781637565784218782323281783626346348417244128858553357234488172775474358234446358255278568182628823243212778237383472613532447241827488165466644571434748383522883845167755465847312386256451112648555154815674627662811626567644461346672818188853247238312765377172826287427481551276837572122584544487385535842173786734384156527762712261166722188741114353436684618718546683725253278718741152315637616412877772483277861643442538873486554775645183833276724681462133533352775133574752223121438245477513473887
452516355236328761674177341864388172463661344368381153157512617785715787273264743382771412226161354821371145787652456152822572272386725551836865324125161672412135844441173812274653886786382887441425381772611476427622153244477468526267317588884583555728871884854742172555772825675531286684513331228677142762527585331671832654452168133242814885645377486268235136811688543548622138551672327322277467632513218642815375842328148157743881814375314777625754562838778482771348413131127677668773377154867476145836
532636618216368468737437347857682663383342848853647314884481763763626877646415762481568324572444754158515224813858272852383384144684725764578741154564452331831745335832418282573146346464221218767442366735746645345146661581332317655226852376243851277622165867284127376227321477661836381544748275615535883654575278344573868756658613354641766717372724241416127845434614211575322533728722743353524628321127843157567556514431764661163643821383554417551851232256447682276115174834325268277425384131721514324584
