4213222132323312112334123333323422433423411442342414114214123341244442232423422322342433233423243222214122322431312311121142313221314142131234113124111123322332334342442423314123442312324322232242114344112414321111242124
2414221214422413131343213241232324143142211233313211232241241344342432214322223344342444214221331134322322121141342243124222314114231433243123314444243321132111132213234322134114234433142431321133142322233131222132124412
4332223311111211434433111211334114414433142141212131431313133441233213132312243434241324242122431114221243411211222211213234443123312413434324324312323143341133434232323232411221311244224213431241324444143314213311231433
2234242311144321131322221212434231414221413141432333243234444341423433124233432213231213442232123424114131121344341232441423311441121434334412244344342124413222233411124431223433441443221421341114233114124122211114211211
3111124114322422331244114222323133224344412412124322221442443312432141213211142212424131233244111111233321314313412443141334333424224211414214244324132133112142341232134123433213341444343121122431433224142333344241243432
1431124331311214133423421211233434411133434433244321413331133341341234423123132441243241144122132333122333441423111212311341444222422141423312324244433314224413324241232432134313441431223121232144222421311411424433412321
1411331133232141133414214223144143241114333342324434331322421324322224234431134443414432233121232324144314222241322442114324142232331211213241124223223331414343143242324433243233224141332243113121322221223421342442422241
2333124313111221341241244134213242122213142243222234313223121114111442344111221221131421243434214233143344433244222433413343141113241243112142232434222143411243321421312233231213343311123324231244413233343322412233443231
2212434241232133443313211331322311122114313244333333333132432223434131121333412431123311431144132441343432222133113442321413432214114411343223124141411134114311223423123434324122114312234243442113334444122343444432112231
4213442443323132441434213121144412441144211123341443321322341142343414231314212422413341232423213444132122132133311141324312331414312141124143432234411242414144431421141324413113333412224441421133134141123341114222223342
1423332113223443234132133111212421424243322421433444122314342324443124433324224221244314133222422322432141324313311144123331222314314144213244322412343444131122421224142441231131232433113324214234222131134242421321423421
473582222744843765757476226673676477873252356847334823734254358775715228175753848451817674527751751778125347475715356831455444772538784885685271847842667474842472326437668188364748638478715165361141442654238136225673764531431187156178642512444328587768223778554842754838512757528718718331672453333584851878672525477757833122527267872838468726212444351142581532665546546444878688614518134561827565817585578122518445467575367358857243772876327425538467373112874372212632225561142753643864813638565586785738816724245586345626467815775312854768364575232625575876771174318267154136412172127175181527256488156233457568561468217231623824587213486467516416
427846645778286436186883551731457847561537278567314575721343687251271367227746126157358313718872533136676478321827854766115733342634644175118363754268147843444156843673475153174468138277511682768153522121512673763532362715667737846252371878525353678736567841746621444342875673285134664161674235138137113813313563426642442383486484173141634143343432778174138455371232617854845258272531576848586131874624338542368264435115655738727376777465558557337523542568384822373277432854582612326885624516252681654468552265852812872282842341733537588121682556665455584318262835174153523844623653471136444668338481118667877516784342357584572171114533223321542515
518746773751774856725618788111388615278665328631636146536366442517774757577251141667237613716344722581572781646351444274142786487366163444124658626676111618366847748548818811845724331182733254165883281772722628521632612528175233618636617468637284457236375852652882344677433858442884676486264587237528187247175834187422838465572586181473811588764633518455433488283563217652862551743164424125352817646357267155115634331723565815884612884758664355787283521227273388671846536211517222261262351146844661584575386141674836333123756527867183356631774881361233166671672672866678423621166517411428682714434776851232878248418515268752831233712421775575348325
618657111138474721376422835616468144658622358148354385246771375758757424174433877553353465382364458242516161218845161778374748457721882254514172682366132568724552147184748316773755874152285146148782547336166248166775673713785538244185884381316886613624482184548541546452325124888265146545738278821673115762662744238883711226618753616478341323713335557638438477523163172281434638855311524234235627461583315584824656288762671781582185476634157288632637357388517524214633132475737361456352763383145162528552825476313658328264431151264128473742588648845535744517872664654577541675657156475735857582836263431878323218451761141382384283846562334464712851
328836575522732166145233462742677615172318277615761564183561664634315836551883811627837753687283232481353583436327852641288658557667753343384373745577853134165442157357458448188722432782278211834885862553638885731232838225762514864475126261443835474547152456736531577866338226261813851845415236545625813368824571285668421566238728787342162766486833576886725132328541443123588825241125121241785673536244778855845738426688542878278642652537734824338467286112265313488768776385661481132514344461667385852774283146347677816148835868231417166674481448478264463842735216576332685553686433375363868854421588365125155134246656542525641663815123447278358853
353751453373156388817548216447682731121617837718684352122162387386823168452274616422665833276683217882683645431141557215812353135358816851884611586551585426618357861217485647661381136416213885677256651776888336131463588132612167572158766743243822424354222617185174424174141815315686421146445377485817538453557887112141285688582422652238718576361383364176132623836331256832435866416631674414676178185881488181722264428818655287677178576738133873182686541653728375111554233467477373272261656185121755648727558277827257363212135114734767868441573524865633676623533275372464775221658527842487211254436312455475314762345618785828464454711757265533883745
143451713618545627682738744364875456458326224386375645177474551747211114264855354353828648831271347154356251817763426316361438854616723381158244827512536387345682146285561731512863717737767627731461863288641737285216653575782611276145276514256823134563475387315614578682441376536475463222764251813331761174846455417615261781265181251421632343443653746812371884178562477451613774143515366224662742844834517563832682441345743188827247621545728864245881264675445365146337365274853478678556765546882825133453161252676124643867144733326588357382663744352178788436324536178638568388167778568475381662418163526837353748871213245616576351463682688814823855
268411382544187783456883272687331173468386386432841468768162161321358725423113574418334284146174433261513434761625185254882872485482514561152646828675536528264221186861638364382527716421561418385358153844234545732678822663781828846486858376344527258154736887183848382435282658628874134135141341818642364182544541317472465412786764752427775425524458872813578727124524563513571563487522712525662782633545661452741558648636858272328378384362358182551866263425734557237555628234277172542475221336746582144888584257172152166334523888117846734157748511321137288331281412425341838457176838563458547456611488833615512743853275515658561544138715641271267774
288744848538446361136313642448228175436423667774656154788874684513115422152135564187576842217767114376172244362658662113542262564617518562374567345881328235861614857366482443575155434148655887135712568224142471742111176867721822751364565548546711582481258837832764364517112176186484616484266835228331584872614167526868453677232212812252622146442447882716736372513521137328653726846828751814287152613638186426525456611765342532378118754316737256813586715318733738156833156773454618658574122172683326873182258732682383263164578253663527218362487344654878675165156512347432548474255565778538535718855227536754446154314481471463324272738666483524786754
221213433584841286363766735282724687121158447616727448637357658377332287163727886713167817417358863277335343556627676854354127728856162653221713323283134588351566631385163268821558763687562754222636174617281236741674524117578872711783366722618577732163334614561448616254743116235145327565685135633654362851563576437661333743418437114851778417227283745417372257566115231156782423513451731126262261121415764812146842522688543732187717113188848458125258247174121874268153814566644345435442373765782625317832
111216576458762537777822325482612877623338636576566737464883418356432222222846583647733854642523248546537811868477235245622474835466346333847441547687154575278442757431644311777142868451644472416852222281164761158756281447573221262167416742282513236522528378748871255642814673826845661876337418581841548664416247222525153176138723676236844155252784287336227352876213388824486318362237136265645854616567228774482271268112812138333254773371663522357724251124283171867754727714748386174652433744261576176411
358818811514772726251121537262424781738865134212176855145676121367343876874867171571544371264154518762866868256586427723286333634523572252652661826241527877364142465288175647875681216125731462551281627631811471837363235885183376414128234613143648163871326168778465364478725164837238852285628832755453265127877271525244266275224817263417771128475586635255711155755142328812158111381647313571762253377218643267374541622761473654277362775811515415484211177224754267613686511377148113246755183151252188181743
255274324682247728615632635157335377111466462735562467886346382813845631382687664487256346837866576144782536288278761726244141627141641651654881823757572223382755354627164137574641611431842422482351342861244426267668335867455884523476451113888731372212585153453832824352644777754228144638214826867333757431113776276562787428485244144476777628612528441655215316733334681818331246176424122478214862551488558715655587535478335187872647841745174651557324734676682725263762482845442654164676817338418734267868
376643858446435731285742142622472564366444322246451142325236626286125561736784672346756236817765277888384264318274861823847846831862562623412434362811516835643651572266664416476673648234526816672688576445865837234841855573154414661615737653714528188736563616484145665572866814687261658581847115154255614268768581851188327637244337782557643755684823627322112742746782528188623345518113432876768745747718328675251665128626157637636681113512244438872831547162677282627135824827313346177111752385767573178133
237885166132281718346384871567766455427643536827765318587741685238635222743358841332221314762476268684874348782155711381888775158532588452368714646717657871416821676838413681473582156221353461887668635374562813543628137582162632723553423184637746535786285816133224252726317451438565785277846864118324452481727756115785255638787488634378738728136837235141233425745848827724362774864676613745272152258515377275886366152353422438188151266173514785374486272556165112431385263288342466883858216464563217652655
625627113352581523262447287266134587772484325356612448586843388135436451334428753153471164581264754252178824877117345488438367847245174655186677883772816142647834457241734457314377666228266281682622787145351413563334837763814431454347775736171443215188822532315218854551314264875885334111318265116886288487653631877586127178625771578132688288172737487176783881411823862182516543518466371877848351816883711635448627837778434376761853271671242521445234373766187617128342881742667127682427648426652876526386
