5575758557755687758768567767755577886688577668788585775757875886668676858578686786875888756777876777558577688778887875756866887886856857557578587575787688776687886877786687686788875865786666578775777786575767565665887875
6677765585865878857866786677878678856856658577657685565777657667766558686678666786568575565756557755775885656865588687686887776758688555787766866656556857888866856665868587758688586677788855786758677588667668777885668876
8686855756777567667586776876885868666868675677567568878788656886665687575865756685758786586775676555586678685765758868677675666668788678555756755566557786568775777586578867778886666656656785678888677886687557878766756857
5676666785866776588755587755885676656886585678665855776675676688875668576566885688855585788688788776685786556785686857755868555587786775855788577575686857665885886878688766887655655577588867555877676565577665687776577868
5558767557855768756777568576868687876658686768576555868885575865867858786856667566858565886778755567855775588678875765555676686866887767676577857687576778757875868776577587655857865687776868857757786556577877776585666767
8886855766565575687678678656856787875777866868577665566865677885786877888585677767888675586558758785767577768668656658556666568757658677665886775887675688878866778658565588857776576767557878786775665755586885756678756857
7886676777557685866856558776685856786788875555676588768878685688856577776755868587876876585766657586777567688766858685665856665778676867567555587688786775868758678588775665755876765867576866558756667565757565787666855666
5856568767677755555886585566767585776655575678685555556787777567677686578566588775858667887785888777675787685777766867868656858788578877767558555886657565687675787877866866855868768875888787768878687765575857658575765685
5656687866577775685856885665676756857866786578787887765687876576665788786786568678858878875686667687785778777675885776765657786677668678558658555777765865588858876856787555878786885658857785667875886867666588867778856577
7766685557677768586787876566576557868566586885587588677876557558768756657787755555666865875877768857877888688655857778888766775588566778877757888657888757767567576686657686877678586778858786668565686886865757577666775877
7687658558776567556866885868787775588767668766858875888555758557677578587765678867768866787686667565687665585585665886656768675587867776585868857876757878677586675687867656656678677567886688577758877775675855868766866865
