1431234123232123114441232221332111224342334113241223423441223442344141221343111121334411121113441432142143341411233441133444322334233423123422434133314222124132412144344234411442144133234113243443422323422341434112134141
4421221333422312324321314432421412312344232141232133113333242224433344244321132224343221142114341134332133121321434241212321313222122234432344113211323412422433421423423123223333141241133244434212212112134234344241121231
1122111434221333232242144333422341232123123314134443234424331424244422431212211213121434333241414432414221143331134422131221132211234212331124111232431422124122222142231122443443413324122141312343414342144332313322112242
3344233312412213123341222214341242313223222423432412121323241433323314424323343441141313432132321241144141423341334111111341133342441232331343241311431113123442113322312241242232412233432242314334344243432314412221131331
2242244134433434122123243121131344332211144122411113131221441331211334124441433234114121211222414414111312142113433112131243114314211422443333311211311133143423413244321132344241322321143442141134123324124421412243413224
3431444112242411122414114412434142112322444132242141343124131343124424413324424241222424142142323121314413114443132443123113244242334213233214234311341233322342132412341142231422332442143122434133422334121431123443111423
4413421142332111243332214123413331322234324343332131442321321314321232221443333232322344333132122344244222311143223221442313212441244423311234213111122431312333143122121413424141322141323123213233332124333434213312422111
1223232322112422421132342133134131142212314331131231144412313124312241431441342242242121113143324433142311231211224224223143211424243223423133223141331243324232143312114112213323221342443242313414324143233444433214322343
4443123441144443441341412222213214131114133232322133134243414221411443214343413322444332431323434224114433421213111343414333334324134442321333132433431143214212322244223324231214234434112244332132213131222232141312333442
1121424322242312223442242124343142341211421324324424121444114114343132143112141432321143222223212123134242222113432144221212332422313414333233414314141432243214441431212314233341431343211411232431424124213213322334414241
2443442142223124333431122241334414212112444123442421414332132231441444223113234122144311341424321333333224332241321112322341112333214241424341321233432243243221341234323144321414122244322343223332221422422423221211422311
137635515814282736854545826286137172142313842182372868267464411768357212331422771743214781738466572516755486473562757236744788275786135262782154787321542882736782445864528557474841383274458371735882864122433337243617781445464568452532632228337554568333323487465472148324124652674244563132387554477757844358222813456247656666343156736741635263374667653736445284468584431571447233475631445444885188312215314584374322545256471152874461421628435827511383256117367886325435544655635167737451385616845558674148783285854872484321323515281226673236712581223587874174287475278625236558765344554137737623267264441486112734658828454247431548174485478651635254
832146136884688847683422338175357464321264737324681516545551857151153431411458275513572435611318364877155434227585274254463818682317812212837474525427251471347453748522271712485251146223424823514832775633347755114748676255365164584468465142252666354737366273112222841475618365175356388888514546365728322562165867524168846427547884468722775772455142114846287815117575324578356228226117464535467773436871876613644117564745618614342657882142443361271624288288153371555866321157615443111131865431385153381417281537174576817745441266788883876452241262157322486684276315411822576431586842223875527354674326478745416322428564142132718782428662581487845166
766633522534518488322587345414517815216342857458141773287577485233867126641212282862246475524361737615364355226658167524455254685883226183768775165137742482384883375363544814672383564273158227874821445345438643182113361788651556712845746586168418255434487471552881646612753633566823711476614648771882262752664476654655376572822125675443514352313588456386427586814577261887557756868622616133713353838187447746638262625745674587762436484163636611735741671866733175336212222325537816216312455124673628285512818837711233487558373248317615645833557731117343285548775648174554531318356377712174782812238455446283511473585182334813425877583618477525416631
865115364318133225336821131434782725642473834123514613647563447866368774665148388671821827771382472131858337572365346328352755468756753827632635841725453865685546426238878265256841656685326853637128855126654567147863487178823352647442365532625352722361523515358514777317821288775412187542326453236252816781263444761864871253422854684444847772761286776547725225285162266545468743644742352174628773245887885287246762385276848825586717151417632436332543584627423888883374254781231176776626164136455776721465185216828181818512734438241348814647246828132636564214822425764884834744871544876367317227274582526372166543626614766572316233441362576211751266
182881258572213466575772657428442131784677651827115746311351513572467382428772164616432764371344336348484123874276458855231613548241661873457154857626223181768778456254846288374784385287628376371565212832843118186551678545225225386516648651358462648132788523542455386432215152133114244871178523231648361268758268223587158534543546562521375687215481722752423245282241415268281816175688782885445445243165756837825738286474415273887581813322157237822885873162445337372334427458788144774551427556465863218277578271135231355127312531711467541168114337664738311652866564863827242267135411636126526222263452332777184876547541621168553554734424644725442762
527147625584385816362788488274212838241541651323686412836543778763757621846146813735815244522811727377158662844471726538373133187763876133833775657866148616161737734781113157263678346138244363154335223627275566181846714176124373533358335127828462467371651536764678777334374418551815542117822224427626318733447458244123786163757441522174457747577742582438128747485161614268186218181837427243272834751458737488386234257355812426212145631243731365721321228787614365566687754518646151853318466511152245838888671214237527171356553478467454473441678563362887345487613441427651735364664118585258462583638456636267683661282414665547647583163762223666284885
361768242561536821386638888745164241542522542635448216183667483311511736817722534712248216135186762735187213847424761671211676821753474544885843225536343733425157216578211712184567714672447274834331351844312476357857648271481578484442328888457274728711678183141321873562855785187736118817427716756426467671883325422336244148115847551732517224421546755374757657384616546787516643342381676135662585276124358718371248677868287131764335168348245542223814112334844286742177375672878155282247572727886857647684611472234864652735566836128334141464851434337462782346874816245514426636282541485527555283367787321146464471654876338353214615176817745478244155
458585571427364471423576213416268812547885432456372161254142862858526811838264654264256847113812123715263625111172123334141834734676774555542677882723876272463617446288561774466125345268245812344358764672726626213811588337147575135768265384331651477281435544277238245175215341536668143778222573613358166615775275885117261217646716313288251815886251774167472138537375451587242115141814263181264452421725425683252555228784726157268881865371232758623838426121765871634877855376635713656133775637827463457832475557825534141118671154524548824321131582544214817417614564841274123774627167532864783655817545732752864567356342322665864387541652786226186221
277232176524423215451635534326447553482168162555668454514324817836647734822247187126614468682357448614118716438725817761418166826647812855554881864457338827611886262266734887886417687537436465533518738351432334653558221773681348135612363145665855757526143284411258715475661258531411851871433716748215177612883218158576731255464215288862386538636161683215447151217538148154472268463657313174277826465685233514763448132812168116637471284328122188442317847663127351153118361658346338474387777745546434322876812126561858864136473761875264684263274311355582174564718434247123761257351687622143116271644145347242886516518741583266238625486725538781464225
335516148874325773171375631681465521821467774512624725384563525744738112621441423341735324425114587361558331721456747835787818831537644455335317755234357586552856532264521435432856131323868786718461241633586273113688542841216265738575546541318833132822777155183851542631546263754643232573327758135864616111277272368442673788858566286424714473288354642668633766485882347667566843533755416222556342675536832534682538751653481218712571835586857427675466481177444156121267172484161543736838187751884773223141
275825664845845425136357817653541711227786448772481126861373781667362542127355738762128738226744378417183661132287476581746335634723425712371226155775323345286337455323644277354111333645153355336276381724343684685633623421655847166427337867313147672131545277727268826136156456471416664365835622775753441363536241331216582636862752747613883755256132258173678856774358684178223182442226881187715358887321336284642531144175633385261434318278373166783854542255343481253575767554586728438188561575252858331333
455848364775885741677427783114556434512578614314227187131145427428641477236211522364425312181154544767832388544868142787476676831361523677684224838411325674637161353114248562732726128862282743225876245131668312386185157854315135634372427238641788374736334217454474822375868167671241884614533282658581522565488133851461162721855573836165618355348352313161842885621186313744144177337548484847137671682828226676311715724133414841854887381244527686877636112324477283785184136133552187251143244867263244434334
843243288176487627168864231375273362232675427217368658122175364838513521251521154461516128143215357825534263538141334285247278836574843124687364774534632424868877764171363432568318646682853232136824456274647257473328876838666824454838846317811123666485781157826676821751546435525454683383653724435186753587882574221876456684188118558577464651522468316222543667553531671321117467284111336335216676473311424626581514232361317628178832666346156826331871241481583211782682321434532461644858665351874136372165
672312726455536282653628385453638422128631787464268538545686133757851157682557777638145245454785672275335568375438626862212216514188125334477265173872388538888843357256576574868835213347731735654855662675318136813134766587555666175834514482411737167371345566616414473838688745626422172413731572834458225421428733321145541244748728182414683875448614516387264666818753273647655275665871425881835365644115733374625482585255167157165255374558877565127686176442741563637118455482445476531726233238852538167121
884313542681235166645142181361346467748463322868478576424114771815782867172684538124848222672478637538134415257845417641625364872648518366631876384473846187284123747764365157125233363471718721728613211528815817844243337157452425617421882683837664428182831521873248385583582285868521551448553674258281751635845316765834546815411586511316772188885562523147731631242482168778141773723311461537542863187124526417767645434114786361571427883376566643176311243838758367773283856812446862326655466738443846116733
263316245426566245655767581767767887464817157666443812384527112356115253721637334118337352536387572725113722626178275317861483747217324743426888554645646116314374328643113641533177776551222438628738133484883615244488127715437481367413754734712484563113318283421462161678157678174381517826187585547435333783843357575658866255264145163217647622161762182316816137832633237423482543183113814566387731134121674771152213826614567653772284516442777213713847384624124538441864764282556772723454124424121167314118
