5768575566865866855588878786866566867688888675757786575566757668665758568856856575766666555757567775677555576658858758787775577675858758585565586567668566865577768577688557875885658568875566578778578677587768565566855876
5685557755778886676578875776855785657678657787588655658688666657685776875675565685587566575755657857676566857856555575676677855756887857585665878758557856585885558777778586878685855767865666666657858887585687857776858767
6568655568677775585858786557587855785675758878575666576868668775687565857856788885665668676686785785867776778885686565666758576656676657757757867677767856565687687567678787687668657566766786686555568667576655868776676667
5756567568856666685776877685568657758758678776555556785757887678687866665588558857865875777667857755855757578786686567558678657776858865775556787866878858585775758585785575667766768555858578675878776758876758867757558888
8668666856855568857666688758675886575657778678766555656588588858555655887768758567657867768567575776665575757766855885865656756675886666785677765876866687578858655868775776686857656778578678685768688668567878665566678655
7868555687876886787678558878787576855668677878676688886558677776856557856666888585665777675886568857667587786755585786757885787878688778776755757856678665788757767866866555666588666555876757766877677677768766788867777755
7765676658757677575857666886678868778855678687576756665767886565887575758877775785585666687577656675856578857586855887658578758678856557568756655787855585555768766686686666857666766586785787666757888855886657885577875757
6556657756867776588876585577585888765868788758787568678565667868588555567586856555575556685876676767567666667665867868687876857688758556858678866876577675665676687856755586886878858575855788667766877576656668766668755768
6756767658678857875685667657775655567885787565766887758786587758667877778687588558568756858856565575566687685777785777865677888778658576887677868776888666578865676566566767755675675866587588866587775578768688767878756556
6877865886786865876757856778585777867856687556755766575857687566755856557865857566885676756565568676877558767767788577866877688685857657578777775577887576768685585865667768567778558768785756657868768776658878665555785777
5585878758756867585878865888787686588875577577577685667658767778658766855865656555677666756766778887557888775566586757755555666668587867588865657568768656578766586557675867578855887888558868556568587585878565565657566855
