4123343222424341334113112443414322232341442122212341143113431412322232313123221244221212424313221341443314223344413212414123123313222441244332234333133111443112432134421413433421312243132233441441231143334211121134432122
2322323443311111344331443311214314224311412242143311211314113131114241124224422312131141241442421342412311113241414312311111321221131443234134411334312433311411124321143321324112212313442142324142122333444214124124411342
1112433141122343313112141213433321324234441441132334111443411421212444131211422323424334231233124142222324444312122344134214312124311344133143424124344141121144443211414141312411333421133224141112212432244112423423133213
4413131121443411334212332312343344113311314331121414414322141234333441242213241214314113133422233413113342241222242242123432212321212313311424441231334221142143424424142421421344221232141224314341341411214143142113431421
2434314224231243241124131221333112212242414214344424221212213144331441233223122114141424331342211444221443232121141333322213444344311431324243141111131113423222121421241412343431212341343134411142114232321133421143114332
3311241144142134314324144214112244124433234124121321123413443233343213324431424341142424322324333423222433321413124344134234311411314423421133131222432132313344331413413233141141222113312332222244432131142333224423422421
2234222134241111311111224413411114121144113233122433131113131122311413214344341333114412211224434222143224433332434123214411441344112431243214124243243322141341322421322413124242341212242141444424212122222442141442412232
4144221334142322412243123334343343344243223312114334142224224344222333434342221123243324122211132444241213131212312424324131144221212423433423313213412423343324334332233434234134132244144134231431223231442213141421312414
2242113231114224231443242121444143341232321112144422442434114243234323313321133433123241422114421123141411434132444223332122133414243431212243124131123144144342431323441322333333412143143121413343241313244121344142142422
4414113332431344212433324343244222434214212222243443224234142331213242114242341111114441432422422333431233414323224322434232214244241213213333113213442224144412134122143232112424214134241322112324222214323433433221443332
1341421142412213413233222442432243244311242424112314443213321211214123121111311123112432413211331223311134221143144122221133124444223413333422422244134231413144244111244244324132221111313314241344131444222242123121343234
461557172317787712168323846423122422648278716511516861634716414552443144133754862743132588658723626736454574623844184517525585618778753181323254846346337424666341222481562185353161471432136373862636343646451175848448247435172612277637134445866575821113227331163814533243454688216111345874351646717216571314452342637886776888633278347564236318286484346124646281786247666141378163236336152426626114355262573873241348773522153511634272681387615512573417142267818687865647132284571274436614116351887741767271285733522637338635457422116828266857588837337127242132154123621251667875824256165482115273511367172341413476768162133354823677213256243818861553
625351685374381178246383437875785831726718183744533664641881342725682735743245642283628214226277284388775614353347311471785428144121225316665761212244426551767224181571837722432147321417741714362345134511775135557325884635112675335748623587232541747832381137838471631788718322528772565651324423221326846161734654553485435562544573224737223137287455534525118252457278478774164567272662161152188354386333162466215672482634814247564738273763814827837228783812157355282361765718353157578831351763765463368475526816516322448184751276227546536185686828464711715428572551435426228868375527683648543266313537276134645237677626324813884887217528471638381868
217424435587241587384421182837467217483813645273736321548735221412474646413566236866811664423572518341625386775266215337465838322824611231816674873515171655221464232354761845146524675345232111654557287418371888278662152631672581264341534172347217873224668114235582161676667682882653786237776385857446551255831622272847574123666171253465117441647875365736475351865146481212617136363833786377768744278856868231835763546546152754884821671518848856187374358155846475328163215281337561846757575245233888835686228112326221778348175528366382424154784642357722661411463757311622431815742565526742176144652233638671662668628875381761616748683544845443368233
152222573125876481367511258886564871831383866216481665683417581572121441435852455666133343667271474871121283511847123472167444658158242126522444216558572888622762881116647238784583826843371542523247633255818142317187246272411826868767118881374735641876654144412124764881465464353716271381741737772472448745433385261633366715244432258126777673224288844636628373177235813274871686771842525733628334325882181865155152678682375644738846514862758853128742843131432432475624883263665877783841755158642528236654834337663725518463426428225232485813568546645211334476312654241832241656161628712456272146248361334673728353312412577617265524378812717874432187
863784883141563535686654858554688686513461278164661253136221361846283473171167647357586373786118353167542835483882852428767176714678857377468171357338438824435783367685634636145352166674731146338455357817186332877331638653346144833741768368474742387756483548244246846264148574262888338165142238362845872362531835877283564325861337216414433486831778143777611131268515836763152533538442324376548554112784434782532265537272165274727738244732662712515246872666412813521833226236323318583434415784447262865215345854366461137453667582275843862531648446333556572765363782788328253111277151261566535436785563521813685761837535548512755125182887483671252178
164661376245148154555572756372483531865332582522724242161558665365382725512261351146335715453553824556127265578665747313567638314211258578682287365344585158866578384711754527158786121712115533575841214811287811575125836127327122681566888825113761436726171618782651743714385552122671745622487346322283853457572428464152178487221553332786735715823577215732727737626478646438453335551213687242761548851875771465425541632523613378457884882611214841362545741623185811314633287813656345875315724271235747474263326588466446125486883247284811814157468661685687227118318642221228775118436632374834652177514763174571843431263538122526214612756615632355741636
518635222722481454821564271222534374274338873165667556847622425365234346761113867585658168745382287121181584354238817385163823811611656568571784742624851766445152751137363373538744411721783342686358166168831513488515448638337827856426464672255582336532385758546178458413527761326767272863547111754124528451333552235674518332864462735783746677637351875176833187864731457338772453422212512235141167448164662711373573677285646511181265632862855786214861764826734532666771224152833137151462614778363871236568865284644712724712554556747437476423142157724176436188456544553756426154547215572525781755156568232117788212584786132326235561535535382164217372
817835578666284121875436632143134352366215471717261253254721716561183185246673673585851788333553441251147176846582146873581474316854475331147275718458484445724425775252852538841143737167722818868745881413438656158733272386251754256836156548462264823287214117265737366537651674245668254583254428134513214737362163858283486322477831828176425147776314173521763853777623248544525511565452641417773374833354547883627461665435344354821457558344447516284886813432411841742175243572243188561451475872385546718851736716614282543718734467175627374376488645136123737345416466675343547271438834818868455513487347238454643162761485732615155751541468888674766345
432441581658287153416124222725435412343331366312885564236461156628143152657518582441225786547455366644741465571311663674148178168484266655324358822443216265316685517685182474343613846786687344528874177837217222336627866626414873375274234274867768386645785247385482665637587764357863678173477458247578267313712588378571222138177743715715167237353548141362624262666448271368524157663233738121521818318388515831756278648371845127438666345283411755531321787144657364171368718314488738447223877643366643371615133541664361145614433313426553223356161547486643335612418571722744311852217178243626715141556456357833572474832548166874852553235838732273888237
476376715678283687565682861828218255555375478646174277555275133157766247854675481228642772681612827623663764242321748161815774845373515368763515587142332248666671133828484368571572616361556461574265814814736561621527827712325475772367213784764563563738444356163452232816747863688833358681447478272856751828233153858626464215571461534555865435675363338234428566325565568585786147466363415845176368325582735754353372628822473186377173711542414152562558427731855636382332761257442677565182475134352524673467
676345171737667415418531846812632354865758553627476164384115486763776688176563135533542156265438725725165574671662538886557278766837277335514381361247264581821315558551133867358416315488765476864271416345284154467171625671652624122323566714311314742326421873243341448348857374834714843151464465531854811244134547844451657373121278677334727556128887735225215611127276447778836464155787827745183752182381775877763456121521451311166573162231238437518843828813342581265422433434562281527548576541758435365521
628736266628758781465436255872714533355818247268474364868827621857627558466654876614757726586517318663283433424672163414165423425787767183364521337737811635765217846436455776426835735383334674287157127724256772128243233478255751788745174264833167178645771652844114843221432867388587513778846465825122424148766813626435375387226545617877776265426221163768261364767577218756428536882215337727515365634862558115387154841143578765528832753623888477586824582432381668182576752177561183846334115461732354875553
721884275441735576247415377388764271721883236143348482231871854276715168241785357151841228327377273584664275874248517116168367688745487411442847686651777725733445284113824842513751745847562242346815227377887276835188375878424228761331181168262754121561548734344876435562172565241765673846842446483337881241468836145567461118773582843784363831173362586857566754187113252444553777471772164273718845341161512524234833187282447641856776313313836212226822126526851382873868837136718351527327188177431174648445
823165784163522275838535716482356183646822142838458453318385432552153481241448752834865456237323786264565346332871127732623333885573743425572786666676356735113113185886674654318881583215782286628474755372351841426572376173634776754438536672132232287665763147376573844118812871681417442353248685728222584226523814787366714477368157125624867133762615766367663777275631874576531481333375562148787135456423328734463453666511817173753418141642348225641474574748235545846834735884361245547184547717571751235767
723857474844388373473661632648427418681662533211442181638364514233655152274228338658237875675274822324417345488716258738758633857417121883761874735276322717813756838656576124757258315233746724861861712573825786771286814721485281686415755822475145633317554634244718843413441271446277573165741187531545672213826152685374142282622567384227184817761451352728322552473347273211281441447458348465846852786254875675184572228882681458277366254255563724622821158646366688653188131442165161826343553813356432253384
578682422322621364112368178823814782547841164361438117412871425676126317364554744638738456641356544281884526377512561142321744653437756651671115238444883258111847565351521236752625451171341111554716241237463354566662652634431142255832672174233681674633886274784418813377388835882776877823882183355465725873243816778217843568745167174712665738731177712471426361715578644471161432148827665558154643336457168243772866355418887362351764254358435224252551662623371472646336651135454628446731324377446437757165
