8787886655765755856685786655586576586766856565867767666865688766785758785885778566566565557585775666778677585668588566657766678658858877866676565567788558858586555655878755688586865877587855665656555858868777656558667755
5566568778855655778865788685676688578865556675557556766586876588676768768867665758875556877887768685877875556556776686667665585588685755565875867856886866776875666577857688876866575888585665667788868778688856588588756785
8875685758857886577887667555656676577576677775775876578857868878756858788777777655865688767756856588585856787758857856556876775576665765888685578755767787668885758875757777558675857585667775857588887578687787765685565888
8658587688765857787558785676678776656875587867865576765875575865867786667666567577578866578877786867565657778678768578856787655558766568888576575766888587776565586766567568585576685658777666885787887886887668556578668857
8775688757768876767577668875668868858565877667765678765685768875575755688758786787677877588776575858577675777675876888578576578578786786685876657568786856766688855687876686855675675655756566658878777886588585878857857768
7776665886668566858586878878785578675888866666876787665676666685685576588766868885766588776655856867768666655867668775875868887775567785758676768658788755758857855877755785677885768686677556588566757756856865887666656568
5667585766875767778585688888556658786677588578886785577665778687567876687658888675675676775855755888675576565678668567567588568556865668865768878657676777686666558887866685858858687886568886755585658657688767856885777586
5586666777756687588787885587567765888767865765688657758765886755578865758685767676755678875857877587756878788887668888666675778566868677775686768577567865678756858565566687675858757675765756865567558775855677688887785888
8758665686785757588575555856688666856556555855566855776556878885558686755887885668657788657868875855866878556888777757867887757875778856558855775678888885878877785788858886657785756585675866867865577766657855657678677578
8756767655567867568865888657856576588887777788555585686566758586858868677575555775785885655566568555677586658878855677555858576685656565555576556585866657685867756686658578675668668567688858588757655566668578555555685857
7887675856665566576568766878766877776768856865666558876568557758865675686687876557658578657866658778868677775888677787567856868785888855757866565785688887566766776888688758787558675658755866887867865877586578665866856887
