7868586558575657658667575656878875776657857788787556576787585655687758875768875855775757855665656556666686756568656677565678586577565767875786676686775575776567787787665556885566755678865857586687585556575765686878556556
6857677666855565688777567586566756666688577556656875776777866757886555687686765875556557566756785676877855875656785876786866766568667765867567658886667688865558757878678786765676665775856878677665765578765778677758657775
8687585857757558865675655767588777766558685768576685557685556585568767577577555788765885685656587768555578868656587686866687688857757575778655655688785775765658667687766656677858887666656558666865667656655766675555865575
6666757556785788758875585886656857857555567578676667556677568757577568778557756555787657867578676576865586888788675668767776778767687755587555665586656755687875577555657578858858858666565775685886556885855758868856658657
8755678865588756587856786557576878865656865875786788666877585857557756568566686655568867658875785855668655567686788887566785778675675677685687557675677688788568765686586757776887786888587555657767585585687655678578556687
6856567857588768567767655575757768555586776865887755566676855755758775758667676767676675775765785757655787886556857575586566568886855866658657555657567686678877777788768678755856777876786758757788878667668576856677757556
7865868758686866575865577556568688765786788568758878566558865685668575778766856687878766886568566776767776857757766856658767567567875785887758556786875877868568656675776655588588675688765576758856685857866866758665878878
6857867755757558585756588858788585678675888785787556575876675678866858886876867855687775765578766577588786667558585655775865555876575576768885778687655855786755885776766556755576758868677555775886677885757655676786857875
7788556867555886565756686857588557667657577577558658687856775777676778567765677687888558868857668765787755676557675875578576675777886765878886777668856878886666788887685865656555858565778575858655888578855557588867566665
7577776878558556666685788777587875655755586578566885867685558758756857776766556655685585857788585677877768885667586586575757756777685875856558667586557877568656776657678575678776867565777657758667878778867756576788755655
5578587757887888877756585587587565677688785778877687858768668575568557686676778755758685655687866667578676867776688655576857865577768875778756556876786858658866858555766685787778656577776868878657875566778857565765688768
