3321314411122221313323343244343413412224313342213313131342122323441123214143233233233244132211341132343413142422131121433214224422212333123243421134321141221411242432322413331343143234442432132323231134432432211242434414
3423423441332344143441124432342233222232432413132144214211212324333323122212342232112231143411311231431213424214233233131313224341424224421333422234241114322444344344432223132423131113411231244223133434342213244434234311
4232121432423324224123244322222312432434421142323412131141113214441221134141113132412132312132311123142211313314323141344112223414131413444241334211224131231111443332314323141321231113231331132231221323443144113212244342
2221232211344113224122144411133423344222122133314232434132441323321143131434324323333433212413241222323443313442311214333312414423212123143433323433213312344413412331332111211143144241313233414322441414444323211333223341
3122344123343132143111321412214134333342322333331221411422314133113214133131421423133411414332431123414113123333312221341213422323242234243213342433312121244331241221322144111212212423323444141321241224324133131323241333
4313232334121113224344114124244224214122113212431334131412312242343241213213334332413112444444211124241411423143213344332112222423334242314141112313123314111123113134414131243113232313424112341211131321212323132324222123
4434142134243432222222312133212242212343433211244222343421424134124423332213412133431124124411224411114443332443421341233424223234123324213131133443413232114422324221422222211433231133134232134232211132323334321234341331
2242331324132233221121134333123331433234243131331432241233332234242331321312211314122214242322241433113322224344242111324422342233333344234223112434223412423122121322121424313332211323414144424442112222442111342222321324
2233213311243333431313111142434241233321431313133241341142114431324312142113421314223331311234331424331423413333114143411213313432211122133123432313114344424414344143422141332131322344342231133334242442212341422234141213
3421241223324232442133334312233414432331224342244423133134211231314444333323222334231114111433241421443241443132412341242313141212242244322424141141423413331123342234124342124214441143232111244413434424122311444234221124
4443433243221144444324234121344124143422442313133444222413324132343112242423432431312144224214213212113114324411334241412411214132134241431221232143423131132214123231412444131124413414433223142332311333424324311323341443
267836513688413675185641538665228327342451446442553154583172525181535665227477188338857761424876772526546171345228868787144234423728757142882332134122777656665128181117736821727433345813612184844771252167887455781283317427767327216724367631742565323736685174833274628272321784615868317342151262771761123586773832654335482827747138472312285633338354164476773615458273682531184551725372862637148241431844622422163534483782752375435145544348513267147544244655136866353423488557861482862523881287238656832428171852421457437231744578852425356471438856313484242543811827235627544635143852485446771124257773238526384485738317411644755661487734661651378743
577147126227315521413178552633255852151155577373143724461832413671114245768781782281825372726772552763287874634427166375278152164886628746674857548831286452337166378828171533761117171131662474226273484361747624848354127411471443328351231326823812822478278468348621887746544653565454631731455756651564311515151742136513776376555722646655178844737643875634487587214713147838288135114763582272845142868362111657763827736743684811412422864651753146523837678415744537217644564327833171334656124645377656158544454225784317822413441678154816644133863863234468248888474717826275326722326213274168585764871532581326182515314526382162638411146858452381321815
384458842636618161287552685441811438521741576441664827645535877483762488411881331372142757663278455667163883154432181646584825135283216567548762878517222462862633878367371581225323466473555523714438173344372335628148752628448623771368716482767686826262685163657511321566388721488665721831322257516523558612447721842452268272358752424641114416881478345812553744723882447115281176245248423548364276868265121552132117674276656183277648815671257378562776784475112455286155686728357873145561572864331683865855544457548463487448733227717173726248281865418222364281857432262173588848581525688654872432131172553663228478314748464268175235172483563172728472
836466478126721383683377186276448454652171288555454684746475372664123168786532773271558735664414821537374524475817258523152343177336543738757351552138234785442771314447342874533677453337413744784473248522862145636874672462145462381681575426615471463132485642782753437884844165821318362512644612156336342132474226338715317611174683645767351444582528866327412313858262773438387827875547771622588851186773167111464128883885426553776446584333763232557252547563884878827344228361615531517554877577871415265152162342316358577582138321158445388177583626274838747428673854554724876711735326821315553623536168573542815418682884667877337484457585845678244148
155125548534212588253565426733684521242673562414188348226626264242437221313882511326587451753156625222257881685223726883817144775126182485662732435144442738225248718121856715863472214313272214513445423577547335227135138754481277737756242827737252632271634853666347444632178432431164772762583445678536725488535161335366754632465287733163546188825514521622268854623718856532632488633515423277563272573538261324872567215132778823578644511482873866333524363573243421762337288617356234181132545617844754126633441867432144731114343741444785328281272443737418346314827687682456355562585616456285673884723481684674773556377484672588372554761716246171231711
253526353212187766638834765747533674377325326861351685672882772415622777386338824271715255378214333363186438365784133477364472743514311163267215834427413787367354681327378637768587656561523628628817124864427762164312666645277684137582857624221315665852266223675544774838365723722165338228446244253362674562544686233148424265342687383787282135175218865751518437378486641271657888658524661267735455184427278518315168651712274152167452236314456552611813823158265321383531767255551253687781771711778858334581282188768751321582237686461624877118821374158124315483755166122531427213166488258744883418842828673543237714173563818645544622617181847714184582
254585384863147645525582445254113372363142445483228258423244382172552172481851546475851343355727182825473813747563672763278624738575635678687155233265882877211558365365278638838471637861582861611281562538781484213717228145157483531284783413237511727782272856156487411586233376876573111267161876128418341868815743625525473361137145514668332811851167258352874865537512853336638481826518874136664656842373626377855136127331261322383275267135261388266664831865786338244251118471742173527153176218877147686287451788236614377551228613344541288784361662232115476784557345214566835535531847231426341744548743533135684423418247882243275213475533716613284788
684135676576428762388311665654884514472637715675846548721618124572255635176718812271684868484746321716321217827583764712778836656512325623331222737234467175266863564347141741347165211717668814438383445721138731677424156664335868514881536242845116255444718731728872262837176825415882661471253481732773771152448777462447443244873384714788632784278883745464741186611885885127624275428285487712416643524118171723865281277443686273728131735115342837765213845715476133828737468227423551663766441135856881144576586741637575883276557621681886836175848458777742153337418326521751138617235626173227161143338715578241162525376447175275133747627485372512758374
836771515584847768141147458263444658165844637524838376581364218382717376352662837717835454123846636831273617684323724842642717877437435261181632811632156834524365577157256785845544873633811782373552561244572235213713672364518576715737482887733382175131822463226375277223277842518112478273245572175578742737381173513616578346124737381657418476251645325453736635524476237156414755125721363557113172444377831467246831851443624253755565761722331316652123654768267876482325153882331213184815376341475581162735328442435371164642516137328846868462548731787862843546635733854754775856287361363575247674887777883818252616311688737536273477141145667116828546
823676874735362364265815742817258822285332331821876787246622843734872835773578555544211327524731516442134481711386523572352814825635424716217276557564355835827427533185278876135248358267843451364414377318674341338825532587256835485542524542227283555547251578587268284665255783257471263573473466181753878757667234328622214816423287427327768435573337837376458166727375123877767241317414345523266384125663856521671384353132227284213318511465673213272443576135416331737744171465657532473682128481615726754716
641212812145414877412536268341676477213388615282658123568845777462634456827866684311567353775388167284688588876764381665684761747721153446448251876118342151861317673371387784325681122257315288852541161888245747273216237316855155475444834142327877358444152214515627817367667257787245847324463432556377852585232851357772524423738476812212433375412378553638833417252172233262642282647615345735546787162854873657388347565848128643614378468216521627252834736676154856513273726361122627168125271266363483743181
146352286724586865176462646171778722287528311854272751288481588134838872288458354351662144815636614871321728788317331767145878445341217851128423815622581177771458412277531432724277417764754411546718435834152442627582537275818228275114677324281421486428737718263271667163758236373485788228774887378115153156768163132471323742371312217232321466647322715367382587151462175156544688743824243847654116258276563263256273364117288113788116655717578135326718778868552738725413878543126541844553251747852587546156
837636772478773815254347448458861752177576655551158251587177764741583772254836431712183827351683723682138817447316382184721334888133141815861115241423883874584141537786665787418364474231222376361682332332353383656674782238886785627241715873483616722468874772117385665152748682357763476125516683571412277358481355286837715138741478768282623263142866513638771333781214844618887548776751148731548431526658165456746513855244132567124111165831117846524177813246534276321387123117261424136456462155133345487523
381534126325148884467185815121254568563183743334587861428484878665252721818567663743725636573117475151388213754654661571424251574837188613854658533678361823376233564853214174673485344531438154382416828464871518763476834578381441756516368286615852582556364587212717661258141138135783374873174437337457526738637723566544172225724558756328748887817647516246346777224381388247382614832812274646334677355264857267243776452318366782462444125517168245856767866852744362453841482623382444351415536814658382824754
472678254175525862734672877775788465555812544586643525353132156386887248551488521453322784732153838823426215652722312455115327843353787218766541155174851736337511465366375156873521371481853877763233564784374831711374834614513838638687774567144277863142456683514317174523356551152254662871444356462532723588546785766535285632464182336883457431432248788684787412446558132635423411368741818287843826246216835573815281684171641415224223363671424264355855217666382158387815257668552871388147568863868886846253
332227122151271571685536332682316866564426746833688858653244188713777266127746615267762873233676346435232126432446448784424415415216244445511151213537778472732284848358243856264167222243647684532863141175542316576486471462574562527815124482685423155255227378718322487346484826175427527368428448478438456113775542354342121132371827718342552266225722811712724356122827783486481461551681467748548265272545888532645656543277434367116253524713254273624185666712862373687548266286814882611242261435138363165753
