6766687766685785768866666758567866886867656658877657687565568776658878575586775677685788786858777788757657876886758556875777888655567688565856588585856578666865568657586585876588567687766766785675676656665878785758658687
6767677588866576558678575768858668677767778685665758855586685686678878778585786578558757666576556658867687568577787558586886666876575675558785856576888555566577687555686875785886667586575665858758557856588557778885657866
8687888666677887755688587758867855587586855665788878578677758867785888686558676658577857857576588867887785666858668657775766878767576566577558785677786858755765758555786588867886868878885678655885565657665577557757855856
6587888678556858656688676858787678686585785555656856656768655856877587575588755566676685687567775875767755668565668657685788685578856885567768665657555677767686787576688875887587857857885768566678557785587576765668858755
6776687787886666876566558558885568778757578788588588586766766768855685575677587768767657688758675565865886757788886766888886775888655678857788785676588776755576558755656667585865785558785867586668676686776777876788566777
6757687586767676576568785587667768565578768885866865868685667868676785557578777885587678567675588775555755868666855577758557568756586788785775668756677855655558755857655576755858685667678788555586778765788878655568688885
5878788887655877576575758675565588876888888678858677576657857868677565887875555755655757677566757886868887588685857555888558567757555787687878657678755858676857777586878886675557686655657778786768875556657688575755657757
5758786888766788655588777676655687867775558875876587758668778666767566787786667565877655868565665757575565865765558868888856685755866585578767768687676867865655767768588767556757587585566658777876555766665768785587678868
7678587568868758866786775686588875665686687758776558858667668776556765755856766768557587878688875575655765577558578757765867857785676857887676785668567677656875677677658557657576777566855778558885857775685576755886587776
6555776775577686788656755686786658777775656788586765756868788667668767758576685586888856785568555785687878765778858655755555666666668658886875767855688668567658586686668865775868686567785677785678865775568677787675567586
5867587586765566666775656866857888587677675876788886675868556758568585877855578688785568686778656765858658578758575587557767867667757676877865578865788676885666567566578856758565686867588778557675585565565666756885577586
