7768776586656765755885767755788756787567757557786567668587767788658666668856775578666587666858888686686657787857687756877888788788667667685555786677568885557786865776876855567855888656886678665877688686767585676885785857
5786567556776576566777787787667868866658856658657676858857678886765868777565757655758668785757565585565686676577778678667558577777568676666656786576855667685685887576576667668867878857588868766857768568888876657558567885
6777888577678658555558678777565868586568566667785888568857555687678867585885875658857788686787856655677777755665677678655575657578788767767857787855885767657757878765766868787766685655875585857587685768888656566666856856
8668585678586766875566767886857577565756578675868765555786555786866667655585557778856565678886857667565885767658687888555576887555878766756758555675756786775568565655555786677755857786568855788857788555688576558575666788
6767658887877878888856785687755885776587885687557665787886878556766568885776856576567776566788885785565675786865858676876566878768776655585658677855567565676787558675657675876886868767567856688875668758876786658867566788
7665556768586585686787866565565555777587855758588657886765765575575875856587877876766655887556767887765858668558565675758566557576677785565858577555685557667675668858577658778565768668558656778867685585567855876857756556
5778587775866768556655785588668586766755688885766685785675755868685887686577578566858675567568777866785778577788687667887857866587656566866688567767888778878758686855555857866668855858558668865758675568857667858866757678
5685667885558855768786785585656866668656777767866766877566786855787666787787576586876868666777765878765756585766687878678567667855888685786888857857567565656558788885577776667875778587858578758575567777666757585858888875
8568676675556786755767686666666778777678677575577667586666675665868856686788566575888787857588886666667657677566577766668757777877778887575766555665867685576657658866578686577877777587785656677756657685577685557877886756
5767685557868886687688858575778865875858757876877565885687875675676568678587566657587767855578688786888865885887786657676656556575665875868577775857777576677857655856865765866778887676877688757776876565558575786666585775
8577786868875887578665668575768788668856855868787858567878558686775775567556758877878576858775658667586665567785566558577687867857885665766866675556586558765868567586676666576688875766778787666778777566857877856677575676
