1113333311122144322333131432324134312221423332421132243113234444444244132221131412331132234323244214241421214142323223222242131243423312212243242241321124411312241134241214224324112114413311421343444331121242242122423112
1122233333444422332433131444143341221242224122123141212431431123321413332424322122431112343141113141112141224331141321432441334231233421314414242324344241122121133233212134324442311442132423233133423234414443223444244341
2122132233223212222322234113212241112421221421224213211433214214212322311132312244422313231113444233111423344444212142121334224342311314331312112434113233131111443143232314124442412113143134124441314342342324131412212222
3223133331323444432424223411422321214434431131422443213344331443341213212232212314124243222331331443421133424133133432214433132342333411423433233323144233332144234124132411433443332224141112113311231333412234412311334121
4331441141241132142214422234444213443211432334422324222342132122212121111322413332343142242423312214123424131423143442433121141241411142142412132422131221132332132314241212432422414121133331424141132211421213333314321232
4144342144332413321421222224211321332233331342443143333324323143243424114334222333134334242433432312232244121423221323243411233422123243434311144423241433211411444334414322133444134341213422134442113231134412113342142313
1224214412213431343411313244322321423423112411314222442313332431211411134142424133331414424223231234313324333213314122144414221421242441341442211413422332223111123232112422323234441343133223241444113144312224323421411312
3431323122111323143314212443444442144122122432311333322124223424134433234324412334434314323244332111111243141123311234124321132131144124122313144324433442411123241214231111244414341344423313134223341411222243244414342144
1233443114123314323332232412114424322113144231212113443412144343332122441211233232143412333323444121424142141112223231423114231131211423124324213123443244112422114113214443311231433441423441244422143331323434334414432421
3232131233142144213221132323121113413332121131142223131114412342234133413444121114421231323424114411414313414214143441211242412242312434322223433142311122412142444232131221414132413134322242322132134221444221141141244124
4224221444123233243243243123233224432414442123323324221111442424213121232113443222323114311342342323443242223223123344223342222343433244341234134233244144433311431144322314132434113222243244311323234223123332411334313232
486834428667884661634271628481116811182442237843312565644635286766131612756886434662265815541574611317867875622716214877468831473413382358735338316381763884555783462171277433736184233337174386756535616646384148341715738723743183332411167421848345736417427587288473623417475831247274174353467738837727387272588241865615328242272161274453567634481521151581461847842584568447256532143116574661387275536663781247546861137725151425253574738856555241387648326821173423478363513358453448362715234464182148236736633516328164565465841422255546473725526384378234515332618558883572516213728781652183542668815463282587431335243532688346384871865432846257574718
147472667721645873524255425686682221775723522564315446681638585313528442223548223635677824757536236332824143716583242652656412225766481343857212775533336166253467416563445358741336284866474741656871583861227841278747264474358226156388441364344324272432264541717382818167138434156732776273785154864668575886551167772415427581133326125518336546721846166723542843735327586476117288322567584572533185816725253221766481475551387631331115436762358881832331367655212117474341737278522218888655712762225364363321451752573424232357551681484646315787875861836541614821588822563731633581637678133778162523355413344722658162378231374472243254638185673317425847
158542871516728524633768516482576631417756265888655672358738583866687144884622157672577632716618648651547811376712231623753235432148886628415688614881245165154718886858163142324166671556816835168345451557734511162376257288625135666571824845658117134827815654567578645612783444337137166264224637545342238161745478444677467474781452558813328254731728811315273384787482531777884843888671218615651624472743254882772516478636821147432582383677112467457664141356153766634547122227373816126335824513343231386526313854132726557871286775214786843437431426446118438821565582236625321185771687616347532417571881773536175523365361158511445164164786276734273854
288515625562381328555538138254431233527115622553165127452467658287855855412316136381336145852242573672756226882412614646274427758422671447474162762821376664543171828286718114184145426744671585433732431573212737641423634537364518856524153778343653643865473832821576712676244358851583385344351352255532642765826571447242757611233177231885456562811215186781262532144821384135632223461554162863834827775351182313437881373586414338466441553263533553677871731258732436123251667264481375286334751883865541343377857145671678817444286162741233646472735825317337535231728524586431623186753253372567866136238166543463522264886544124112644261241881717173136326
323723481246564217538132748153821661854224414217824477521843782577252483385881818234817378536238216658723756637888518462416111553882281822512562573552872314753525572144716381521271852616548284438176687445546416275484856388661671775876572447788753414625357648758368551647854186753644763346517522511425563655714241626364365612581372221548544128623752617448578135436268353545632788438386831123153157675772537338625335227482573814676716237566723221537264882527455454682664116663414364745635252247383775376227757166752353143857362845515581186875737142157715612636614477243242161163328416651244545777721574647584548516114754534745836234212476843571817512
312141681348737118688175218566771545458764625812248442346465713883531464781626381781184682766487617487276711457638632728464478778558178514827276814225725822558533368325443724817235783626487143566884157324312264661148574345721435743513465341644344132732311326657127877815556356833886782577221445567132538143543815365664114664617165251653528876674332678315757572217836818777123452364653527654878277643228618123188626737236782733886751227375134248741533145368583715364428838638786575612581425216868125238632165364784571563252786524475117274282817658625454133387131777525112141382352622164382685862571668625316132458748822641253445853637635311722211738
357235472382465255174666368763676517366465333673851688285236552321735781641422562536476611624442845481464758661622681313533888631783568538786722218868157247584436321588882431536835576375468172456243868772324758813544577155873117344482148847834454685313132364843818577243373763437637843875817448723735636845837615466664414725618531644471371173881166252223343615437333564515656516747812611784436641737255673453774751547385655443745246365113458862144265311856883216373788847358225324773673263667634632836511685117254622521446544474642656652385685624172612244358666773786473838252416346711311845352741856368681667758365114871463866774871256762312175242
813623787711256171425838165664142812171648466654765142383782626877234466116211215741571433728864278874341578717436627113527866748451485258758265114314246543625377418477456684114657555871661468811218651762678861653651152252826478454117265156468185378223427275481723833144172465313271342218531624181353747356662588181478143332424426422521147488453858526233456165753658748783772385717258671747585438257621286546381126621885852582851218314325775886514154588635823246161584618764513877438861738264378234825673213527582234345745455655728817733174468543378325383488226368518185362651472316184834335853472648513685826554586277768251682171746273765687823724
273277741545325255273733244882846531181515345545434266777481666112484186326588738486185756632762387422812332835187856468367847741647268561878116877182811273312421813615473335136625777613832784484768864483421567776645364452521448822635547725187188422823382565788127568346231242671752866826177424512614128686113587313478275364566238322618671723635626385655625818478478776126234447314644635317412562464861385685242418864346871883224324331444342235557214788884411823144858176612762112145742314852313687823215167773671113178468732261264833423385161785547262427124636832638575485757636447251581881854447744133766726425715464363128761265334138312462762123
525618487888276367587514877323426855831367766722854616551336655565765152531514246534633853765547244516424748885358665164652331453716738337322184612481133852253266625167232582456365568633445656885225432811676717664675754641755458876567175241782588871124583854731468226462434522172734782231634132464763418486776757453336361587637455543544133445583841637347858424341128716736568171155545625343435234716445311585314123788753526474323318854244152213742761664557122185661265887547616631882278452235717657748853
836363713228671157272536265745783458884364863764145827412247321552347861621214532161137761274861578645518614321371315243482852114186842414226821121565445542576472371358263223653684451382422288536516372446312487224627844174145466774718185683518478111484446845615112782146532178677168587386728667344114722632822218665721784126282664827632858523873277171277437411752776122731833438558254821353244443361631623341562512678463532888277243232835441844452162811285212226652442522886226236572123763451446866712778
574154115426155818776355337783376427212656245617783747657338376262712362238335731428316884234467367758217446356641771568552634814143242767811286162858336515416776471444511415634167882266546181382823178136726144343163685226124224828684164155327171625185235424555862833586232184788438615477151143535856516134761262576864233433556336344562425885441148836812574147626485546574175584142126254425777135842115658544415345746267831677582627228371654658528658681548137322383427581325631242428632134872543721683726
124483127788817734327543144452712425177855173251556325738765448242332278847357412363266236357251213324533275378474625526473261443187655845232184765776535871254122356725776223286778381573548421784161641572133341761585716428418714174554125648376255352275723887228473433663378358167654152562421871631768427673348478782621784831822124873126674821564522681245727257174183467838635418645554233113214622322453565111333353848518387341637563444776247252213185871443665168873772513671368481245844673754785473816215
834234725147255682887661572675726748145528281147425746131624138375351521677461175422258645712486744216261847673366653538537855874146134646817651714434534323275758586126412343362628248416417213824537373773387127872867468352255427536666362115834211648145325464682267431543838326876841882681867176785257853241246254618824768245423356427756152738614174612752436523778533764557458236721468544785372846536147711842861864278442167252687281385321838685551815222317876457515282364832325875458286821816618642776856
236282444636717676221668756241558318621833448883756438838483487447463221525614333667721553741471152661612846125431262753267758765772585357661554156662317436712632383888367421867137415654866271273421237432285373645115146883868373476723137586585433286826126141444662888487775414544725635245115347853358661286683272741626366766862685884821488516221166614555728633232134627121824887572174212755143654877871221243424215831585751253354366322386823444663223187528268731613183865671441434342348773635582425485871
221872437678776622653231845562363733342422663542512781642517368488838732431412862154171641863712627646783283483735172444334521581787716834247683784355887586328762485673271618144562778157476622243876551286336616476866362472822745643567731838143385417411264118155464356183484655421847813775363241782667815273167755585227273165718617747688625836221474547774677255228484344677764856527354176382732321734121847733564222761856215211772728348731783556122436565732428462576874353145818715717354234621511745213735
