8675866675868787876768868875885575778765887766756657765658877855865685557778857555776788877668888687786757676878657665687877675678885767788758887887667755675866578755856665875555785867675755566566665888576687855668755867
5556686758655676686688775776587556786657665566657875656775768758858856855655855887666666678786887885865557568778668577888877575667588876688557885867865678858566657856586878585575675765656577678767857588577878676856576756
6755687556887888768565788888785876565877868665567555768686587776576657678658778857578887578576757868866855765785887655767585768888657575668787888765568578867767577585585657666856687686565788677855767685786867866765857675
8865575765688686857877875775867578655677866688677675888866675885665785775565855555887678586587888675665686568788666658586868768567555787886685886765767557676576858566787766887668667687656776675676577686768577675878888888
6866656755788886775677658786576558577578585765758757765588577675668586688766786577768887655757556656857678657765587577777766876658878875586578585858675667868688566575785778767867885567658667688685555685666775565765667865
6855858776755785777668758555755676866557658777878558576875758865676878566758775786767655856868756657888785857655875876586758856876568688556687875586788676685666555677756787656777656857667858778675578558865775675755867585
8587587775678676678777666667756656758576578755585675885557565856568575665577686678777786587668578568758866887588865775686586556857756758665858787788766578667576587858776655867678887886675677657556577767677587858678777686
6558558758857656876857877656888687865867777687865566667686858655558666688566577868775788886688887685687757665767576657666876777877786665576685558587757558876575557686777887678765855558886668658667676557765578767868888788
5585757787877685778885857888865677586787775768566677578688657575876576556557578785587765687665888855588757755877666687777675878678587777565878555878586588688766756765867568856587667775758766586588665877875888555565657768
8568668588667687677775555876758577556566775767786865577685778585755656788586766875567786655575765877778685778785767585876787676778666868668886777786668867778755667778887668667588877856867776886878686868855556855558577568
5577557787756668585755778886678666586877556667758786888567555568765655787586676656676565887778756767857776776777675666678887676677765858766657677878887857667566855788686675856858787567778857778776687677558765587568566577
