2433422131131432434222331333234121331433213322233232412341241214422232343321332224442232424132442441333423441442213322423212112224312223342242131434232112414141234231344321322243411131333121143211342331434221311332322142
3214214144334133331132321444412213424131233122434341433323141324134443432224414413341424341344213434234224133122334422311411143344343241244141232343422221411321431112314133241422222112133132412324224323122213432421341212
3342321134224334222331214213232432332343231311312223421431233232221223424431243232211132143132134114224441112412231331113131414333242141134434333143444131344334323242344433123321431222331441422231314314444414442123243313
1441114111233122211144122124432132112121413443111112214413321443433111143311332244141234442213322144434344432122434341413321341131413321244234434441313224313424344411434411212144411112431213134424411444434244411114222334
4433311211313422143444324243123114232441344132121121432144213111212221443431132222122112321312231311111424243442113121341442211411244424324442232412324434343141332121142432212431212423433232442131332433443441214232444322
4231231121131131341413413413441122433324311432333112441441214312134434112141242111321324134443112244433111121344343424324334313312222312111324132312243243212331142411244333142342124321144311222334432333134332224433414342
4442331413342444213123411411441321131124322333112112331411311234222423441314234324344242343223113311231124432422213333113141433143423121234131244121124434242142444434243124141134124434243321231333334211322343343321114311
3141423142112242321332112312433444223123214312111433123342334233243412313444144433223342432233211313412314344411134141224221324132222324443234324223321221334314232313133111142214133141143343111444421211412212242242233442
2333213144444131143332344324423441212112422224213332322411414132214132423321412413124343444111123443223423444122312312423332421343322223233323141111114114413431312233144234222212213442211442241111233142112231434132423322
2222344412134231434213424434141141241132133424334411141432123434131131424424424332422114431211321312234211323231311313142212223212242321322331243122443121241143134211224412113424412231311133312124431442324311243422312312
2422431434214241432134233331133324222121131241434131242123444432124413444424323243211322342243133444314431232431131131114123423144241122344434412234113213144243234421333421441234421222342224134344421142441331243324331134
182326488364425785365285877885654342333145368885325812732754125382357265217181852872387246728475768357211427124574844231478754357685648514341134341711148486445285453851885477488335256621563541776825572267113365161237435858415447664583112744717581283641515654636852826275864324351878523618345531468674473647866664422354677866353641217143442566218528468338785554773731574626227227312281618785583535762366222686213367662748885243536273618777536122278834316482367184345217135157343547267573845418524443577664562437375721178185873223171424483522432386177453328755644161748145834358723862861675618353327762761566363351532318557621663321311688518348132283
381216254678712762787412844636548275273156732765821452644476854156274568614736413812734136443626324487568427227528356453525123465476572645823721515748267436531371772161475867557171487486242438131512412761628218473358126556513432754832823668221285132421724858372332465511724578228331486561141833723587787488372336634368337628132422445835313618158814321885811746785558742247761138383272681684231474785628434623522887677271222135581775838612337231857731278656726127165776745315555412725677642318535621348548676627738756172488443153613368626431515381658348347833163125515672333113234832484453421244463786872831446475646252768371683421728827182183851722
176167326625256845385647186451673273813417625854484282113112513182284833117461762573718778311676534536111262578158262546745524125332262456548623355884673584631158372874414367654173518511835416336668221774456547221818884333734364261225643461817588645325561158587175816461548462445658116448217127187366741544858341553141113127567235562128884436833574764468643165478633131312644842786171183186686261113322473134152581142385837332748886356422222475764756811134725845725152337388257163118174825625578362882848252627164182572843411751813116378471855273867423867364147524761237415168773477825551511837631338634816671844117425824178421422622431888653427816
283424234142383122853487841417257257574425736773517886823383646368578368682381538125418412361573144648733215221113646636445666624443668474563771751415132326424651764276247725836585153821345745373672433755327662263712542856351716246557472435423546757567737875752845731243686827767326531311465845117244725733386316343426713465821234362718824564245746842571133242638558148413773827163133672266131138647223788534882118618428472674672346333143573821235667141864486115574356156386543446864184221681645661116434564875253375644527128764854642623686353757514875878234433665667481312415273448321862272518788234537712588548654653172617262756681253776744238268
863864647568551585243616533752123223448686854862253725111111844156762143722486325483452534381716448263743617161674734833536213352236336142183414687538871316711134881115431821561526377167212484732831831638613762248766682515243632238765617427135783558617665681644178278711387223132632676524614614521875341518343513743822334766814342422125535163242351756173138846712342223711546734567285266154778216246668711431761314556132741757183832226542268144352345213214115115732362641483865443121218447818757755447478544313737251532656258336331714811637221662376564687748588531332221584182675844571668321165718543186657111153872678132563835612786817777273367865
147241623475487738558551113546725446278746715243212583631552734856364272168421588271177315186885513531683565815364865557822481785431746486177243262431245348741716655843184176456552265213813117331366215373366174224817242475741176448655676567712561214635218511711337261528787884382311337367134855344388417138451262623562185514682836847514643562186675115448726216866772128557516784717178642851254636252418688366843185837754755874338145737168113463785267753341246314248555877248317141862458478781371217654336221743841563724724671535116456625288668618438146435231322713755383828373413516251825284336751542631641574365164718451565151281667522181624858326
144563173738767527135478547557156817518575581444712312467761542164586166383844112532646846177582756883515581287216725665451127655233872813478172468131542225737732623813325357652434875314376351526217516361555824215143483267381423743663562465825173177573281653158625145856528846434372344237824176462416476438176353131344435554145142782754386512243831761436641517858517153125251154273246343831128524485262513864755237273254767648473844146484254636334374722267181162874115257736888147138817757521517532865516831173342111482143573844311572437277584731348275663187755735141752362256383714741743381672163778271873818331716367125644658586572673151356711644
213571248715161322766726536285737885352847515472585888121118266626316658838642581685347722218211558753548782314283352837424384556843185341467128566128713743243757352841743614786447566864818785615543412267643214186665524125666853877682664351313688642553676748644357452736524844581747844466664516861816311822874342867312813756388251678152635525582713835187267267636348525835142854446264614456143655681868378826747781524243118662824723638273266518851115487172671212147648765324618557518185748844862486118786347288854743616472642362312672453141623236687716153318271155547618757167258364424756325712481284772782512532368231166451356244518538377835282467
762851278163787744766676185185658132348747444736554572885237562753633517321783884273712446582672111118343363335258862428587746872461822144167246675841555867878867167183753517423174882887536451755562166352553244532686566164564741334148563535617225854544383833237261637118212157156581764177616364471422424164744564235237874687827662287478127527218137581577758452655137151657253284325428355146242354733472134825248312523141864425664257835875865565348636642624348133446227164564772783531875516218266725538684511672355755466826783552185568365143721558362751556856125265722216282134232122531755374627435685665183365774652676873643383841744774355341782231
528673286878548613555132228885531777126744536778265285283785245755671816678136541224748812154466371766553483785326624278132645866542821715753557758138141772873357473517712361767748755484321521667561577388851634714574346222875547248517731788818437218658676555123411431347735238667342432223114428775528667781222275267117867568333748162468873411242647452534833853622862621335521743455554583452731122746158484727136432576177276316225357657868721827446844316214271133224625778711832523225713856864885437375228
185844387686681185481456657151556317372822742166251517485172215745168284666572342168787834353838851448112614143278377474887171238685663356314551668472145446767252363165644214717113573365373317374554775654524375567611652161512118445412246575762682643338173326452678254843173261386541554336524665238544442832676461374354547154765613678538163525441655414724455238672458586677454256765486865324583745318543473687338731361837385126232185782866652414438437356131142774648246728384424616443264526635141681578435
851474563511151531828175418577874547467428862445858622163241612845172411756224662272573245665227461835132627812525813452765317552745585275785773786758567854866337277146324332363511743448467118884383246167278237127878213665137378442151287247452165678225782137126131547677325843727463142481581648245136445716632226146177882413756841475734823472635221331151842376635325214825184535175483222176871328884215733563838638617833366378251178176467533666324375766684371553862165658213287475415621845545172476683637
711768782618254276626714778186687868777768584252867622586281142675218127326531247244777341273737182253868574361264588681724536644211787173317421278165348484264565627712314147127628764122666166521412245277865351366153761464181563454513316512732241552346615753782182546577314143183473882423888152843337383564824651476326684677483211564272627287531256138537716782433228375464665135345325483171781721234147211285173564832371346782118341226733143742633481123182485441437528468581648365243331212264563274275418
317354456464572252466215366738646211587231684183317177523387245817327634878337664868215147412718155838568334186215684654185882324335625282316172735812514284281172726888736882853433578522521523842548233453586147625868865831715157156377586738588131172126281366235577781853621874888651167182452324117421143434547423423251537126516822155648138262464654142568167277786418241737232858154374821113818224755368725766637731778612518533631812587367688575157611353278424227817753271763664577358711722678271828582475
844864661444562656258523852336842162643472273375247374281518785878177778874135112514772682481682672326648533571647817188777726815326511168642653263274824868558156584471363876476846351317611621282588266653241474212636844378225158686486734321853523551125666523152275862316858163528375756347517347568764243712277775278356563458133641383417466721841247273572713282763611168476142615368475881771244775837515772188422464265741751562648176465474641864167442767454541124864431638127864853112571618663514826274585
127447243651123131451375266764172616334655468863828546838272245331634526151164311258641214671628474747785841816538178724851427366114663821462554128866316427737515184571368657175384678322846336143788354883555733427644525667161574771713171475184412228842384534864711866434486615773363154481328845445547613448246573814565152736264822533585433837264538244647382835148517772562665561214433786524361172842571758212175342583736346625154352277876678858438573122527828557162432475811182854328613644143514831488574
