5886855668785555586556567856577778655757785678878768855876586667677865588677666676576657658755857757775586666656576576785758557585575768567665678877585685765868878575867575587655558855686757587888858588878567788876767685
7888678556578658676567668888858757775868878555775588576786657858676558666785656586776786556856586555556758885777867765655888577576688576765685755687657865558767587668667686878776875567588867567675667577586556767867657758
7658755668655878857588555576888668566585585687878687787577555786877875578756576788776667888785686856888888685555668568778855768878887576777867886767656877858565877655755755687688566568778875766755568767888667668787758757
8876888876878677788657786558887556855588656857556875786858787577858558687676766867688765688677676678786575776658665577676868855875587578855687866765887765565865556768658555765876588667865868768667755878556657577657866775
6666587665555857778886675878678858556767868886557668868886785678855757878856888755886558767867885757888676577788855675555868857667866858865787556555885867766886878666765868867578876676656757587665556865767567868668757587
8886787686667568677786555555685885687565765557657888855665576778577585788588867777668565668686577876556875875886876865687875886668578655758567787875785567755766578686768675888785567758867685587776876586868775677587785675
5576575566656757758656685878556887568588885686875855776877658576885578676677855865775667576558586887757586885557676766675555678878787888555565666785665776768765757885675768788758668867765755877757757885588867865677875858
7785676868785688787555856876668585586767555557878656768575667867788575557686666776876568888888668888658668575688687666865865568567557766686877885567788855675576777868658767875665675567778777878675565765868756685655668588
8558856768665566867777868565888757587685657687655588856578676568786576867767686666878555568885766565658755688876656857768568585868755885775568686856758786677778866676887687885656656787775568667678557786588657787556686585
7677858787876758577677578665685856675767567678775676885888577578565855757787685877588567776788788566877557777687855657758575756866587778665677678766675887865866566677776566568577688685667887788757755575585656767675575565
7555565876675655778656886885557757675867675556788586787587566555886567577586868566857675587855776555685677776575568758677686668785588776557565668586785888876855568686658855688777687675885585675687676778577588686558785555
