0101001011100111011110000010001101111011000110101101011010100001000100111011010100101001
1010000010000110110100001011000110001011001100001111000101100000100101001010010000011110
1011110010001111100010011001111100100111011110010000011110000001001100100100100001000010
0010011010011001010000101011010000001101001011100101111111111110011010001110110101110101
0011001011011101100011011001000110100010100101011011000110101111010110010011001101101100
0111110001101000101100010101001011010101110011100001001011011001111010100010001000101100
1011101110010100011011101101111101001101001010010111110111101101110010001001101110001110
1101110101100010111011001011000111001010011001100111100101000110100000001110111001110101
0000101111000000010000011111011000001111100011110110100011000110110010101111100011111100
1011001100011000110011110110011100111111011110010101110000111001001010001100101000010111
0111111000101010100010111000011100100101011101000010011001001111000110111101011101101101
