0011110000010000110010100000001100010101000110010100100110111011110111111101000101111000
1011101011110001001111010010110101011010010010100100001011111010111111011100011100101011
0101001011011101011001001110110100101101001111010101011110010111000101101000100010100011
1110011100110001000101110101110000001100111111011010110001000011110001101011000101001111
1100000010101001100010000001000101100010111101101110010001011010111101111110100010000010
1110110110001110011110111111011110111111001101001110100011110111010001001111101000111000
1011000011001001010001111001101111011011010101010000000000110101011101101010111001001100
0100111100100010101101101101100110111111111000011000010010010111101111001100101010101000
0101110001100111110101001001010010100101001001000111110001111000111001001101000000101000
1100010001110111101001101101000111111100110100100110010010100000111010101100011100100100
1111011010000000011001011100101010110111011010101111011101011010111000000101010100111011
