0001110100101011101000001010101100001010110100011001001010110010011000100001110101010111
0000111100111001001100111001001010000001110110110000011011011011000111011010011110011110
1100010010000100001000110100001011101000000011101000000111101011011001011001110011000100
0101100101111101110111100110000111001010111001100101001011100011000100000000100000111011
0011110111010010110111101000111001101111100000100001100011110001000101010011110101101000
1111110010011111000100110110110110111110010001101110001100011110111101101001111011111101
0011111011110100000010011011110010111101011000110101000111000010010011101110001111000000
1001011011010011011110110001111000101010010101001110110100110100111100010100101111101110
1110000111111110000100100011110011101001010111110110100111011100000000011010001100111110
1010100000111100110110101001100000000011011010010011010111110001011010111111011110101000
0101001101000101111111101000100011100111101111011011001101110110000101011011010011111000
