0110101100010000000001000100111101011000010111100010011110001001010001111101100011011001
0010100111001110001100011111110000101100100000001001110101100011010111101100010101000000
0100110000000111011110011110010101111111010000000101101110011111101001001011011100111011
1100110100110111110110001101101111101010110011100000110011101011111001100000101110101011
0110011010110100111011101001000110100111010000111110011010011110001010101010000111010101
0101011111010011001101010111111010110010110001101100101110000011111101100110110100011001
0110010101110010001010001110111100001010110011000010000000111100101010110010001101100101
1111010111101110110010111100000010110110111110111100111101011011010100011011001101110111
0000001100110110000010110111110010100100110010001011110000010100110001010011110011010100
1010101011101111000111011011011100110001110000001001000111100111010001101000110010101011
0011010100110110010100010100000100001101110010100000011101011010101100010001000101001110
