0000111111110110001101010010001100000001010001101010110010101011100010111111010101101001
1010001100100001011100010010100011100010100010100000001100000101100011011001001111110110
0111001011010000111110111110000001101010110010110110110101100110101000101001011011101011
1011011000010011011111100100110000001101110101010010100010010010001100011111011100000011
0011100101100100011000110110010100100001000111001011011100010010010100101111000011011000
1110001001010100100001010110111000100110111011001110101110101011101001001110011111001110
1010101010100010001110100100011011000100100101101011001000111110011001100001011111011010
1001000100100011100011110001111000101101101110011101111001110011111011110001001111101110
0110101100011000111110101110110110001010101001101101001001110110011110111010100010100010
1101010000001110101101101001000111010010101011010011000101101101101001001111100100101101
0000111101110010110111011110101111111110101101100001011111001001010100100110110100001110
