0010011001001101001100110000110011100101010100000001111101110101111111001000100111000001
1111110010100110011011010001110101101010100000111101110011110010010101011100010001101011
1110011111010011011101011100110010110111000000110101000000011110011101000110011000101110
1110010010111001100011000100001010111101000111011001101110011000110000100000100100001111
0001011001110101000001011111001110011100111111011101010101111111010100111000111110101000
1011001011100000011000010010010111010010100101011111101101111100110100011011010100011110
1100000110101010001011010110101010111001100111110110011111110110110010001110011010010010
0000010111011101100110001011010000001001100000101110110100101000010000100001001001000011
1010100101001001011000010100111111001101110100011111010000001110010110001001011000100111
1010000111001001111000110111011000111110110111001101000011011011010110001001101010000010
0111111111111100000101011101110100101110110010101010001100101010001010011110110101000010
