1010000110101000110000111011000011011110110100100000000011001100010111001100100000001110
1001010011100110110011001100000010100101111110011000011000011110000001001011001110111001
0001101111100011100010111000111000111001010110101100010000111110110011101001001100100010
1111011000111101001000000100110101110011110110011110010000110010001010100000010100100000
1000101011101111111110100110111111001111111011100000000000111100000111010001111001010111
0100001111100110100111001101110011001111111111000001110110110011100011000011111000001000
0101111101001011100110000101011001100000110010110001101000111001111111100000000110101111
0101101010010001110001110000111010110100011010100011010100100110111101111010001111000011
1000111110111011001110100100001111101100101000010001011101111011000010110000000101011001
1010100100101001001100000110011010000011111011100110110011010110111101110010110011010101
1110010000110110110101111010001100101100111011010010001000000100011100011011111111100000
