1111110100111100111001110000110010011010001110110111001001111000100000110001010111001001
1001111110010010111101100000111011101111010000101110111011011010010100001010000100010000
0111111111010010000110011110110100110010010110011101110111111011111011011110011110011110
1111111011110001100110000111011001101010000011100111010010001110001010000011101110000101
0011001101011011010111010101101101101011000010100110010011111001011011010011011111100111
1001010100000100100001011001101011010101101001111011011111001010100100101011101110000010
1111010000011000010000001110110100111111101101000000101001101011011000100000100100100000
0001010011111101000010011000100001101011110011010100000011101001001000011110100111010101
1101010011100011001110010010100100110101100111010000010010001111000110010000001111111101
0010011111000111011111011100111001011000110101011100101011011100100000001111100000011100
1011100011000000100111000001010110100100000101110010101000101011111000111010010011111000
