1000110001011000110001001100010111000110111001110011011011011101100111011000011101010100
1100101011111111111001010000100101110101001110111110110101000000110100011011100001010100
0010111100001010001000010011111100000011000010110101011011010010111101010001101110010011
0011010110010010100011101000111100100010100111101111011111110000001010000010101011010000
1010010100101011011010111011010000110111011100011100010110101101010110011011011000010010
1000100100100001100111010010001000001101110111100111011000011110100110000011110001001110
1011001011101011000100000100011101011001010111111100001010111111110100100111101100010110
1101001110101100001001101111110001111001010001111100111001001001101100001111001000000000
1110010001111001010101000101000111011011011001101101000101111011001010101110101000001101
0001010000011101111010111101011001011100100101101000001101110011101001110010010010001101
1010101100011100010101111001001101010111101111100011101011000001001110100110110111110111
