0001010110111011010010110110011001100010111010101010111110000101100111000101011100001010
0101100011000001011010001111010111001000101101001111000101000001110111010100011110000001
0000110000001011000000111111010000010110001011000000001101111100101110000110011110110100
0111110011110000110001100011000011100100101111101011010010100110011100111101000101101110
0110110011101010101111001010101001010011101001110101001000110011000000011001110000010100
0011000111010011101001110011000100110000000101111100010110111111100110011110101110010100
0001011101011010001111110000011000100110011111111111111001001000110100011110101001001101
1000011001010010110011000100001100111100000011011001100001100101010000100110110010110011
1111010010100100011000011100001101111111000001000010111011110000100100001000010101111001
1100000101111011100000100110100011100100010101011010000011000001100100111100101101110011
1111011000111011101000011000111110101011110001000110111001100001110011101111001010110111
