1110000000010111000100110000000001010111011000000101111000101110100100110111100000110101
1111100110100001101110010010101000010100101101011011110000000011011011100101011001000101
1010001110010101101111001111101110000111000101101001111010111001010010010101001011100111
0100011011000011100000101111110100101011000111100111010010011010110010011001111111011011
1010111111110110101000110001010100100111111010010011101010111001101111001101010001100011
1001101101111010100110111101100101001101000101010101011010110111100111100001111000001100
1010100000011001111100101010111000100001001001001111100111101010111010001110000010010001
0000111000100000010111100111011010001001101100101111110100001100000001010000111111011100
0010100100100011100100111110100011110010111011100110101011010001011101111011100000101010
1110100100111101100101110111111100100000001101000001110010111001011110110111111110101101
0111010011000001110001000000111110110001101010010010010001011110111000101101001110000000
