1111111111111011001111011101011001001101110000000111100100010110001001000011011101000010
0000010001100010110000100001100101100101011100001110110111011001100001001100110101001000
1101010011001010001101100100011100010000100001100101000000100011101110010101000110110101
0001001100110111010001110010111110110100000000001110001010111011011011101110011111010000
0100001000011100100110010110010001101011000010010100001010011111011111110000011101000111
1011101110100100100110000101001111111100011101111000011000010111110100100011101101100101
0101011000000101001111001001110000001101000110100000101101000010110011111000100101101010
0110011001101010110111001110111110010100001110010110110101011101010011000100111100011011
0110011111011011100011011011011110000100011110100101000011001011011111010100101110000010
0110111001111101000011110111000010111011100000000011000001010001101001101111100011101101
0110001101110011110111010011010111000110110111000011001110000110010001100001000101011110
