0110000000011011011001000010000010111001111111001000101111000000101100010100011100001101
0100011110001011100001110001010001100101100110100111100001110011010001100001000110110101
0111100010101001101001100110001010101111110010111010111110101011100100111000101111101110
0011100110011010010111000011111000001110101010000100111001010000001010011100010010001010
0010000011001110000011011111010110010011100011001100001111111110101011011111111011101010
1100010101000000011111010000011001001000010110001110111111011101010101001110010000101110
1011011111101001000010101001100110000111000101110110111100011100010010101000000101000111
1111000100110000111001001011010000111100110101110101111100001001101010110001100000001001
1101111011111000110011010100001010100100100100011101010010110110101011110011101000001110
1111100111110111001000000011001010010110111000100001100101111000000100001001101110111010
1000111000010001110101001000010111110001000011111011101000010101001011111110001000011111
