0101001001110110010011010000010001011101010001111000001111100110001111010111100110111011
0000000100010000000110001010100111011010111100101001011001010111011011110100101111001101
1111000010010100001110011000000011010000000100001000101001011110111101000110000000110101
0000110010000110001010011011000001010011100010010001001110000110100101110100101000101111
0111111100111101110111000001001011000000101110111001000011101001011111011010110001100101
1011001100011000000011010000111101011011011110110101000101011011001001011000101001001110
1101010001001010111101000010101011000001110100011111100101011100101110101101000011101011
1100011000010110001111011111101001110010001000000011110100110001100110100101100000111111
1000111001100110101100001011110001110011001111001001100100110101100111010111101010111000
0010100110000101001110100101110001110111110100100001010110110010101001111010100100000110
0100010011111101111011011111101110100011100111000000111100111111100001001011000000001111
