1011111010101011100100100000110110101110101010100010101000101100101110010100111000000000
1100110111101100110010010011010000110000001000001001110000100100010010001010100001101110
0101000000100001100110101101101011111111100010001110111001000011110111001011000100111100
0011111101111001100111110011111101101010001101101110100000110000011111110000011100110010
1000111110101011111001111001000101111101011000011010110011001011111101100100100101111111
0010100001110101110000010100101100010101111110100100101100111111001001101011101010100100
1001100101101011001010001000110001011011001100110010000000101011001111000100100111011101
1110111010110111110100001101101010110000010010110110010010101001100011100000111000010000
0000101010010110010010100011000010001001010010011011011111100101101101111101111000101010
1011000101010101100110000111011000110111110100100100000011100000111100111010110100010010
0101101011000000100011101011101110010011111100110111000110011101010011111010100011000100
