0111101000011010100001101110101110101000110010010011000001111100100110011101101110001000
1010000100100111100001111000101001001000111100111000110111111100000010010001100110010111
0001001001101000100101111100110100000001111001101010011010001111001011010001110011010101
1110111010100100100000000001101011010111010110010110110010110100011100111000110000011100
1100010101000110011111101010001111001110101000011101100000000111110000110110110010101000
1000010101111101010010011101110110011010110111111111001010001100110001000011011101100111
1010100001110010001110100100010010100101011100000000101111001000001100100011110101010111
1011010100110111011000100101011111011011001010110101001101100000000101000110011100111001
1011010001001010110010010110111100110000100001110001100101111011110011011010001001011000
0010011001010111011101000010010111001010000011001100100011111001001011010011101011001000
0110000000101110001110001111100011001100011101101111001101110010010110111010100000011101
