0100000111001011110010000110101011101011111010000101000010000011111011101100110100111010
0110110100111101110100100100011111101110100101000110100001101000011011000010110100111000
1011111101101010100100101101100010001010011001001101110001100011000010011111001101101110
1100010001110101000010001110010000000001010101001000000110101000011100000011011000111100
0000010100100010001001110000000111111011000111010000101110000100101001000111101101011101
0011000111111100000111011001001100101010010100010011100100110111011110010110011111110001
1101111110010100001111000100011101010100101111110100011111111100010111101000000011011100
0011011100011101110000010101100100101110000110010001010000111111101101111100010001101110
0001111000110000011111101001100100001101111110100111010101101100011010011010111001111100
0001001110000000010111111100011001011110001000001100110001000000110000010101011100101010
0111011010010011011110000110101110000001100000010100111101111111000000010110010001011100
