1000011001111101010110110111110100001110101100000001010001010000001101101101000110001110
1101011111000111001001100101001010110100000011101010001010110010010011110101101000101000
0111000100100100110001110100000101110111000001010100101101110100111010011010101000001011
1111010101011100101101111100001010011110000100001111001001011010110101001000101100101111
1100010011011111011100011110001000010111101101110101011011000111010011110100001111101111
1011011011110111101000101101001001000111010100111100010111100111101011110111000110110010
0001011100100011111111000000100001000100100110000100111111011110001011011110011001001111
1000110000011010010000010101011110001001110101000100111001011111110011010111010111100101
0010010001010001111110010000101010000100100100011111001101000001100000100001000111010011
0110000101011011111011111110000110101101100111000100100111111000110111110101011110000100
0111110111001101010001011010101010100101000011011000111011110110111011000001110110110011
