1011111000010010101110101001111010111000000101011110000000110001101110001000011010011011
1010011111010100001010110000100101101110111010010011100001100111000100110010111100011110
1000000100101011101000110101101110100001100100010110010111101101001000100010001001111101
1000001000111010000010010000110001101100111000101101001110001000001110001110011101000111
0101011001010100110001111111110100011100011001111110111110111111000001100111001101000100
0100001110101101110011110111011001001100100111010111011110011001101010010111001011011010
1111111111100011101011010110100001001000001111110101100011010101011101000110111011110010
1010101110010110010000010011110010101000011111110011101000101010000110100110001110101001
0000011000000001001000010110111011101110100110110000100000100000111110110001111100110011
0010011011001010001010010111111010101110000110100010001001000101000110111100001011111100
1000110100000011000101010010011110101110101101101100110100001011101110100111101001000100
