1010110111001110001000111010100101000100101111100110111100100000111001111011010111100111
0110011001001000011000100001010001100000010111000011011101100101110100110101111100110111
0001100101110001100100110111010011000101100110110111101101011101110110001001111110110111
0100110101011011111100111001111110001000000110001001010010110101001010000110100100001011
0101000001110000011000101110100010011001000110000111010101010001101110111011111100000101
1010100011011101001100010000010101001001101111000001010101011110110110111110111001110100
1110000000000110011001100011010101110001100010010101100111100111011001010010010010110010
1111111010010110000110001111000111011010110010000101011010010101001101010100111001000001
1111100110110000011100011110110000010011001111100110010110101000001010000000001011001110
0010100100001010111010011110000111100100110011101001000001111101000010000010101001101001
1001111000000101001110111111101110101110110011111100010101011111111011100111111100010001
