1001110011011110110111001011000110111110110001000000100111000001100101011010111010011101
0111101001101011111101110101000010101010010111101000001000000111111100100010100101000111
1110000000111010011101111100100000001110101101101010110010011111011011000010010110000101
0010011100110101010100110001011011110101011101000010101001110100100001100110100010010001
1110110100100101111111111111000101111110101001010100000100010110110100100011101011101000
1101110100011010010110000010001101011001111111101101000101010010001001111101010011111101
0100110011010101001010001001001000011011111101100011001110111101001110010000000111010100
0100101001001100100101000110011000101100100110110001001101000001000100101111011110000111
1110011000110110101010010010000011100111000001011010101011001000010010100011101100011100
0001110011111101010111111111110001101011111101010010110101011111100010100101100100001111
0001100010011111101100101000011011100000011011011000010000111111011011011111101011010111
