1110100111101111110011100000101010011000101110010111100000110010001100100010101111111001
1000110010101111100100001011011001110011000100000111010001100000100001000100111110000111
0111000110101111100101110101100101110000011111101000001001010101001010111111000000000100
0100100011111101000010000000111010111111001111101111100111011111101000111001110000000110
1011011101010100101111000001100101100010011011011111010011010010111110001110100111010001
0001011110000111001100110011011100001001001010011001011100101101111110110011100010110110
0000000000001001110101101010000000010100010111101010110000110010010000101111100001101100
1010100111000110011100101010000001000011101011100100111000010010001110010000010101000101
0101011000110111101000111001111010111001110101111101111110110111101001000100101101111100
1101011101111101111000101111011011111011000110110100101011010100001010000000011011101010
1111101110000110100011100100000110011100010111010010110100011100110010011010110000011101
