1011011110101011000100001101101110110010100001101100010111100000010000000000000100000010
1101111010010101000011000100111010111100101101100010101111101110010011111100110011001010
1110010100110000000111110011000011101010100000101111100110010011000001100110000101101101
1110101011101111101110100010110000100111111010111100000001111101010100001001001111110111
0000111101111110111110011101011100101001111100010110000101110000100000000101001010101101
1100100001110000001101111010100001110011010100110011011110100101011010000011010011110101
0100100110101010010001111100111011111001000111001001011000011110100001110111000010110110
1000101010111101100100010010011010011101110110000111100001101110101010110100000011111110
1101110011111100111101100000001101000000001111111111010101000011001100110111000101000011
1101110110100110011000100010001001101110000011000000001101111100011010000010001111010100
1111101101010110101010111111011110101001010110010010111110001000011110101101000000110001
