1001111011100010011100000010011111011111001010110010011101011100111000101010000110001010
1111011101100100011110101101001110111000110001000111110110110010111100001101100010011001
1110110000011001100011001000011010110000000101101011011001100000111000011001100101011010
0100101000001100101001001001100011101011000000111011101101100000101111101010000111111110
0000001001001111111100111000000100111000000110001110001001011101101010111100101010010101
1101110100111011100100010110100001010000010110100000001111001110101001010011011001110011
1110001010101011110101111110101010100011000110101001111001011100110001111111001000111110
0001110101001011101001101011010011011100111101011110000100000001001110010101011101011101
1101100100010000000110100111011011101001111101111011110101110110001110011001001111010101
1110101011010001000110001110001000001010001110001011010011110000110111010000110111100010
0001000100001110010111010100000110110111001110110011100000111011010011101001110010011000
