0000000110000110001010101011011010011101000011100001110111000101110001101101100110000010
1110110011001011110000001011001011101000111101010010000111010011101010111010010001111110
1010000111001110001001011111000010101011110011001100101101000100000011111100011111101001
1001000000001100101111001111011110010011011000001100010101111110111010101101101110010100
1011110010100000011011010111100011111110111100011001110110000110001100100011010101100010
1110110011000110101011010110101101101011010101011011001011111001000110010110011100111111
1110000101011110111010000100110000111000000111101001001111000011110101110111011101001011
1100011000101000100011011001010000001011110110100100010110110111001101101111000000011100
1100010111111011011111101010010001110111110111111000001101011011001011111000011100001110
0000101010101110000011011001001010000001000100110101000000001010100010010110110011011001
1010001011011101111001101101111010000010011011011100011101010101001110101100101110100011
