0101000000000010001111110110000001111000111100110001011101010011010000001011000111111000
0010110100000001111010000101000110110010010100101010110001100100101100010100011110000110
0001110001101001100111110000111110001000000100101011111010110010010101100001110011110100
1000011001101111111100000011001110011010111011011100000011100100100001111111111000101001
1110000010111100101011000111100001011101111000011000011100100001011010101001000110000001
1100010100111000010000001011111011100000010100001011110011101000100011010101011010001100
0101101110100110110000100111110010110011101011001010101100011100111011000110111101010010
0000111101001001011001100110100010100000001011101110110110111000100100110100010100111110
1011000101101101100111111110110010001010111001110100011001001101110100111101100011100011
1111110001000011100111110101110101100101111010111010000001000001000100100100101111101100
0010010101010010011011111010100101110000101101110000001000101110101001001011110001111010
