1000010100110011101101110100010000000110001000101111010101110011111001010111110101010011
1101111111110111111010111000001100010001100101110100010000010010100010000110011101111110
1110110011001000001000001100100110010100011101111011010000000010111101100100000000100011
0001011111101001101110001001000101111010100111100000101010001111000001001101001010001111
0110111111100001100001101100001000110011010011100001110001001101111000001110010010110100
0101100111101100100011101010111011001000111100110001010111110001001111100000011111110000
0001001101000100001000000111010000110100100001001101000110000111110100011111110011110001
0111111010100001111001001110001011010010110100011100100111101000101101001010110010110011
0001001100110110101101111011110100001100111101000111001111010000111111111010111101101111
1100011111001010011111001110111100011100011100000110000011110001011001001111110010100101
1001011101111001011101010101010011000110011001101101000001110001011000111101110001001000
