0101010100101000111111011001110101100000011011000011011011011010111111010000100110001010
0000100101111110001001001010010100111011000110001011100010110110010110011111010100001111
0111111000110101101001001010111101000001101001110101100101011110100101111110010000111011
1110011100100111000010010011000010011010110000001101010000110100111110000001100011000101
0101000001101011001110110101011010001010101011100001111001011100100100011001000000010100
0001010011110010101011010100110110101001110110011000010001001111011000101100000110100011
0001010101001111010011001001011010010011010101010001101011110111001110011001000101100101
1100111110111111010000010101101011011011100011100001101111000101000110010010110010110101
0000111111000010101101100111011001110100010100111001000110000100011011101110010101111001
0011111100100001110100011001100001101010001000111011111011111001010000101001110001010111
0010001111101111101100110000011000011010000001110000101000000010110001010111001000111010
