0011101100111100111100101110010101101001100011011111100100110110011100110101011001111010
0010001110111000111100101011100111100110110001011001001110001100010010111110001100110000
0010000101011110111100000000011011010101010011100111010110000101101010000101011110100010
0001001011001010010100000111011000101011110110100010011110010001010101000010010011011001
1100100011100010011000010000011010011000011001101101001110001100101010111101011110001110
1010010000100110111100001111101100100100000100110100010000101011000000011110010110010101
0110001010000111000011110010010110100001001111000011001110111110110110100000000111001110
1111011010000110011010010011010110101111100011111001011000101001101001000101001111011110
1000001000011011110110101010111100001011100010111001100010010010111111011100110011001000
0100000011101101011110000111111100101011010110011010011110010001111001111100110110011100
1011010001001101111100110011001110110010101110101011101001101110110001000111111101111100
