1011110011000101011111000011110001001110111110001001101000010111001110111100010111010110
1001110111010001011000111010011101001010010000010011000001011111111100000011001100000010
1010001011010001000011101110111110111000110110110011001011010110001010011000000100101010
1100100010001000101101000010110011100111101010010011010111111101001010000011010001010101
0010101011001011011010000001110111001101100111011001111001111101001011001011101001110100
0010010111101001000110000111010101011111101100110100011000100101000010101001110111010111
0100101110110111100111010010100011111110001000101010000100000100011011011100001111010110
1001101111111111000010011100101111100011010010001011011110011000011001101010101110100110
1000101111110010001100010010101101111001100101000001011101101011111100001100000100110011
1010001011100100000111111100110011011011111011000100010101000111110000010110001000101110
1110001110101101100011000100010001110011011000111101011101011101010101111111100000111011
