0100101001101011101111010100001011101001111111001001001101000110001100111000110010110010
0010110101001101000000001101100101010100100010110010100000011000100010000000011111001010
0110101111010001011111010010101100101111010000011101010110100000000010010000111010111111
0100010010001100110000111101010101110011011110001011101100101001001110001010001011111000
1011010100110110110001001100010000001100000000111100011010101001110010010110111010010100
0011000010011110010010100101111100011000001011110001101100100010010011101110101011010111
0000000110101110101010110101011001001111101011111001110100101011000011000001000100001101
1101001101011001001110110101100010101110011010010110111111011101100101010011010000111001
1011111100000011001111000001110111011100110011001111001000110111110001010001010110010000
0110100001010000101101010101101011011010101011001111001111111100111101110100100110100100
0001000001110010100110010111110111101111010111100101001011011001101110010110001010110100
