1011100101011011000101101001000111011110101000111000001010000000110000111110001110011101
1101111011101101100010101011110110010111101000100110111010101011110100101001001101001000
0010000100111000000000010100110110001011011101010001011010010001011101100010111100010010
1101001010110000100010110110101011111010101110011100011000001011011110100101101010011011
0100100110010010010110100101011000110001110101000001000011001111100101011101010011111000
1000011110000011011100010010110000110110011011000010001100100110101100101010000000001110
0011011101101011000111010010001111101000100101011100110001011110011100000110010010010001
1010011010001111001010000110011010110011000101010010011001011111011011000011010110010100
1110000100001001111101011100011010110111100100100010001001100100010010100001101011101110
0110110101110011000010011010001101110001100110101011101000100000000110101101101101110011
0000000100011011001001010101101001010100110111111010101001000010010000001011000010100110
