1111111001000101011001101111110000001001001011111111111111000111100010000000001001100111
0011001110011100000101110111011100001100011011110101011101001000000011100100111000111111
1110110101110010010001000111101101101011110100011101000101111011000101001110001100011110
0011100100010001010101000110101010011000110001001100101011111111000000011101001011011101
0110001001111100010110011111010000011011001111000110011000011111101111000100101010110101
0101100101000000010111110000000011111010110100111000101110000100001000000100101000001101
1110110010000001111010111110101101111011001011111010100111010011011010110010100101011011
1110000000100010010010110000011011000101011010001111011010110001001000110100101011111000
1000001000001110101101010011100110111001011111110101110111001000100110011010001101010010
0111110101101000011100010101100000101010110000100100000101010000111010001000010011110011
1101100101100110110011011111101100000010011101010101010010000011001000011011111101010101
