1110101110001000100010000100000001110100110101010000001000101000011110000000010011110001
0000001000110111100011011110001110110111011001001000011010100100011010101101111110110000
1001101010001101101101110000111111110000001101111001001101111011100110011001101101001010
1010001100110010001010001100001011000000100111010000001010000011011100111011011101110000
1100000110010110100010010110010110110010011001000110100100100110110101111110000010110111
0110000110111110011110100000011110011001011100010101101111110100101111011010010101011101
1010100010000111110100100010100111011111110110001000110101001011000001110001010001110000
0111010100011010101100010011101000000110111011010011100100100010101111101000010011101100
0001101110001100100010111001100010111101011101000001000110100111001011101000001011010100
1110111010110001011000110010000110110000010101000011111010101011111101100000001010111110
1010000111011000011010011100001000001110001101111100100011110110101110000000101011101000
