1010111010010011111100010001111010001101001110100011010100110001101011100101101101011100
1100011001001001111001001101111000000011010000111011000000110000100101011010101001101111
1011100001100101001100110011010111011000101110101110101110110010101101111000100100101111
0011000000001111110110100100101001011001001001101111011001001000010110000110101011011110
0011111001100110011111001000111011101001101101101001010010000000011110111110011100111111
1100000001011101000001000001111010000101000100100111101011100011001010110001001111110101
0011001111011100010011100100011001101110110110001101111001111110001100101011100101001101
1010000010000101111010100000100011000000111001101111111100101000110010011001100010000101
1011110111000100111110111101010010011100111010100011010110100110111111001111111100111001
0001010110010011110000000110100100101111011110001110001001101100111010001011110100100011
1100110110110110010110100100011101001001110001101110000111001001100000001100000011110001
