0111011001111110010111000001111001110010001011101101001101011101110000011000101011111101
1010010011101001100110101101111111000011110010110010010100111101010110000100010111001101
0101110001110100010111000000000011010001011010001100011011000110101000011010100100110100
1010011111011010000100010100001100000101111101100011100010111010111001100100010101111100
1110100011110110110100010100110101100001000010011010110111101000001010100110101010010011
1101110111000100100111101011011010000010001010001100101111001100010010111010101001010110
0101101101011010010001100111001101101101110011110111000011110111111101011111110010001100
1011001010011100010110010100011100100111101010001101011010001100110110111000101010100101
0001001000100110100100101110011000110000101101101111111110000101001001101110011110101011
1001000110011010000111101000000010010011110110101000110100000101010001001000000110101110
0000010111000100001110000010110001000101000111010000111000000110101110000001001100101011
