0111100101000101110111011011111101011110011111101001000101111100010000101101001110001010
0001011011110010010101101010010001000000010110110110100001100000011001000111011010101000
1001001011011010101001001011011000100100111110010101110100111101100011001000000010011001
1001111110011101101000010000100101101001001110100111011110101010001110100011100010000010
1100111011000010110001001010100101110011100111010011100101010001101110100001010111101010
1110110011010001101100110001111111011111000110011110110100100100100010101000111000001110
0110000100101110011111110110110110100111010001010110100100000111100101110001111101011011
0010111110010101010001011011010000010010110001000001111100001010001000011011001010001100
1000100110101110101110110110110101010101001111101001111001000101000010001011100110000110
1001000000011010101100100100010011001100111111111011110010101011001000011110010110111001
1010001100111101001010101011010010100000111011101101000100101110100010000100001001110010
