1111111000111001011001101011001011001110001010101001111001100101001110010110111101010100
1010111000100000011101100111001000100001110010101000111110010001010011101110011000001000
1100100001011001010000110101100101010010001111011100100011110011101101110010001011100011
0101101010111111110110100100110000100101010001011001110010101000010111101001100001001011
0010101111111000010011100110110100011110101011011010100011011101011001000011001101010111
1111000011011100101111110010111010101000100100110011001111001000111111010110100110001111
1101110110111010011010011001100110010110110000000111100110011101101011001101011001111011
1110101110110100001101010100111011110110101101010011101011011101110001110100001111010100
0111100011111101111111101100000001110010011100100010010110110100011010100000000000111101
1010001010010100111010100010100001101010001111100001111001010010111111001101010010010111
1001111000101110011000001100111100101101100001111111010000111100010100111011100000011010
