1110110110110011001011110100001110011001000001111110001100000110001011100101100100000100
0011100010101001001110000110110101010001100011011101101110000001101100111011011011110011
1111001100000100101010011000111010010111001101010000100100101100000001011001011001010100
1011011111111110100100110000011110010001111100011101101111101101001010011100011001111000
0011000011101001110101010101101100010111000000011000000111101001010011100000001001111001
0100101111101100111100010100111111000101001110010010011110110010100011110000100100110010
0010100011110001001010111101000000001100010000111011011011001110110110100011011001100110
0100110011010101011101001110011111111110010010100011001000011011010011001100111010010111
1011000001110000000000000101101101110001011011111011110100000111100001011011000110110100
0101101101111100101010111011000001100101110011111001011001101101100001000110001100110101
0011110100111111000000110100110100000101101001011111000001101000011011100101000011000100
