1000110000110101011110000111001001110101000101010110111100001011011101000011001111010011
0100001110000101101001111110000010011000110010000101110010111100100010001000001110111111
0100110001001010011011000111001000011110010000100011101110101011010010111001101001010100
1001101111111100101000010111111010110101100000010111011100101010100011100000000010101011
1010000011001000000100101000111001001110101101001010001110000000000010000011001011010100
0000010010111110000000001101011011110110101100001010101010101100011100010111011001000010
0011010100111110011110010001001010001110110111110010100110010011011010101100110001000000
0100001111101011100111011001111011011001110011010000000001001100110011011101010001000110
0011001000111100100100110001111010001000011010100011000111010110111000000011110000110110
1001100010101000000000101101101110000100011000010000001000000101100010110001100110100110
1101001101011010011011001011000011001110010001001110100110010010001110100110011110100101
