1100101011110011000101011111101101110000111000010110111001010111011100000010100101001011
0110010000101001111001100101000111000100000111011010011100001101011110111011111011000011
0100101111101010111011011111100010000101111111001011000000001011110011111010100010100101
1111010100011110110101100110000101001010111010011100110011010010100001100111010000000001
0101100011010000111111101010011101111100100100100101101100000111110110100001101000111111
1111111111011101101001010000011111101100000011011001100111001100010000100000100110110000
0100000111010111010010100110100100000001101100110000011001010110111111010010001110110100
0100100101100000011001100111100100101111001100100101111110001010100100000010110000001110
1011100010110001000001110100011011011110101100111001010101111100101111111011111000101101
1011000101111110010111111100011110100011101101010101100000001101010110110111111110010111
1011110010010010000010010110110101001010011001010000001011000010000111110000011110011001
