0100000100000001000010000010110111100111100010010010101100100000101111011000101010000101
0101000010100101001100111101000110111111001001001101100000110000010111101010100110000111
0011001010000010001010111110100000100100010001011001001101110010001100010111110100011000
1100011110000000011111101101001110001000011111111100101011101100110010111011000100011001
1000010100110110000101100010010011111001111111110111010001100100101001101100010110001001
0100000001110100001111110110110101101010101010101001001001100000010000100110110000100011
0101001010000010110111111111100110011111010101100010110110001111100010011111101110000100
0001001111001111000010001011111000011100100100111011010101010001110111110001010101110101
0100010111110101100000000010011111001111000001111101100011010111110100110011110111011010
0000000000000010011000101001000011110110101011011010011111001110110010001110111010100011
0100011111001111011110101010001000000010000001100000000111100101100010111111111100010111
