1001100000011101000010100100001111111100101010110100101110101100101101101011101010001110
1110001100110110110100100010100010000000001011101001010101000000100001010011100101100111
1010011100011001101111110101010111011001011011111011011011000000100001101111000011111000
1001000110011100000111000101001011000101110101111110111111010000011100010001010100010101
0100000111101101011101000010110110100101010010111000011100010011011101100100001001000100
1100001111001110101110101101011001001101010111011110011001001101010101111100010010100111
0001101001000010000111110101100011111101110101110011110011010010001101101111000000100011
0110001000011110010000000010101001101111110111110101111110010010011111110001111011100110
0000111010101010010110101010100100011111010010101010110001001000010000011001001100100101
0111001101010100011010110011101111100101001011011110011011010001101101010100001001110010
1110010101011101111100001000000111010111011000101001010100100010011101010000100101001101
