1110110101001010011100011010101011101100011001111100101000001110111110000101000101110101
1101101011000011101110010011111100011010111101110000111100111001101111000001110010001010
0100011010110100110000110111000011100101011101010000110000110001110011111100110110001101
1000100001111011110100111000001110010100000101110101000011110011110000010111010001000011
0111000111100100110111000001011111111101011100111001111110000010110111001110011010000001
0011000110101001100101010011111111111000110011100101101010001001101100011110110100000011
1101101001000011000000000100000100001110101000110101101001111000010101110110111110100111
1000011010111010001000101011011111100101110110101110111001010100000011010001001000011100
0001011101111111101100010100001101001000110111010001000000111110011000111100001010001011
0110101100000101000110010010101000010001000011101010011100000101111111010011110100011001
1001000011111100111010000101111111001100101111110110110001110000011110100000100101111111
