0011111000010000111010101000100000111100001001010111111101000000010011001010100100100000
0101100110101010001111011001000111010001001101011101101100010100110101001101001111111111
1011000111101101001001001011011101110110111101111001101000111010101010010111001000101111
1110100100101001011010110010010001001111011100010100100011001000110100101111100000101011
0111010100110010101010101011011101000100111010110000001011111010000111000111000100001110
1001111001011001111101101010010111010001101100100111000011010100000001010010001011010101
1010100011111001101010001111110100111000100000001111001100000111100100111010100001101001
0000101111100011111100011010000001101111101010110001110100110111101000111111000011110110
1000111101001110001000111110100000110001110111001011001010111101011011011000110111111010
1110111000010110001100100001111110001000101101110111001001110000101010110101011000110100
0100000100111111010111001101000010001110100101101111011010101101100100110111111010111111
