0001001101100011100000011111100100111000111010010000101100100100011000000110000001101010
0011110101011110011001101111111101101110101010010000010011001100101010101100001101011001
0111111101111001000001000010000010100011100100100001001101110100000001110100100011000111
0001001111111100110011100110100010001101110011001111000001110001000101100101000101000100
0010111111001000001001000101111011111011000001111110011001011100010001101010100101100011
1000110111001111010001000011010001110100100111100010110110010101011101010111111100001001
0110110111000111100110110001011111100000011110000100100111111111100010110010110100001011
1001111010101101010000110000011111101111110100100110110111001001101011101110011001101100
1001100010111100100101000110001100100001101110010001000110100000010110011011100101100011
0111001100011110110010011000011111011101000101001110000110110110100010111010101000001000
1100010010011111101000111000101000011001011011111010100110001010101011000011100110011110
