1010100101001111110010111000111111001100111011011011100101110011010110001110001101010111
1001101011000111001100110100010100110100010100001101101000111110111100100000101000111111
0111011000100111010110010000000100001100111011010010001010101000000111110001100011101101
0011101011110100101011101111100101011110111110101011101110101000001000101011011110011101
1110100011111100001011110001111001111001110010000110010101000001101110110011110100011001
0000010000010010000011011110110000011010011001001110011111011100000101101101110010110100
0111000000000110110101000000000011010110110010001110001100110001000111000111111100010000
1000000110101101110110111101010101010101111100010111110100010000011001101000000010100011
0000100001011101110000111111011010111011001110111000001000001010101101011000111111111100
1010110100000101101001110001011100000100111001111100110010010101001010111111111101011111
0001011101000100000000111100101111111000000111110010101111100100010000101101110101001011
