1011010110100000111010000000110000101000001110111001111111010011001101011011101000000100
0111111000110101010110010011001101110011101100100111111001001001101111111010111101101000
1000111110110100101000100111010000111100000111101110010110000001011011111001101110101001
1100001100111111110000010111000111011101001011111001110101100101011101111111001011100011
0101001010101111011010111110010010000101100001101011101000000001100001011110000100110011
0101000110000111000110111111010100011110010100111110000011000010010010111001111000111001
0100111110010000001101001101011000001110011110011110100000111100101110011011010011001001
1111111011011011010111100010101011011111110011010000011010111100111001010010001000011101
1110110011111111010111001111001000000000110010101101000100111111011001111100111100100001
1100100010101000000010100100110001011000100010010100110101011001001100111110100001111001
0001100110010000010111001011101111111000100000000101001101000001101011001111111111100011
