0000101110001111111111110111100001100000100011100001000011000111001100100011011010001101
1001100110110110100000111011110011101011101101100001111001010000111010011111110100000111
1010010001110000101000010111111100110101101000001010011111000010011001110010000111111000
0101111011011010100001011110010100110001100101111011010111100011100111011100111101111001
1000001000101000110100110000000110000110100100011110001001111001011100000000011010100000
1110011101110000111110111100011101000001001101110000001101110100110101111110101110000010
0100001011011110000101000000110100001011010001110000101001110110001111010101100000111101
1000111011010000101001000100111101011010010111111111011111111111001000011011000111111101
1000011011101000101100011000000001110000001011000100110111011100010000110101001100000101
1111000010100101000110001011111001101000110010011100000000111011000011100110010111011110
1110101100110100110010000100001000101100001010010011110111010100011101000101011101000011
