1100110000010110100101110000101000010110000010100110100101011111001100110101100001000110
1010111010010101010100010101000011110101000010010001010001001010111111011011101101101111
1101010011000111110100110100011101111111100101111110101101111010011101011000111100000100
0110010001110101001010100111001010100110000011001000000100111110010110010001101001000100
0001000100011100001110010011111110101000010111000100011111110010011110110101101001001101
0110010100010111111011000100110111111101110000101111010111101111110101100101101011110100
0010100100110101001010110101100110110110001110110010000100101011000100010001111000111000
1001011100110000110101111011101101100110100000001011011100001010110101101101010111010011
0111000010011000111010101001110101111010011111101010111011100001000000011000000111011101
0100110011011110101010011000100100000111011101011100110101111000101001101110100001011101
0000010000110111001101001100001001111001101111010100010110001010011100110111010010001010
