3211344422344314134143122242132423442132233324344212212133244433143433114124423143242333322442232224131122234243144113434234442124212224334212341331231123222233233211134243144144413143341244142342343424234243421321231321
3444223334444142234313123343434143441314431313241243332131313312424143233413241421111344223324434333213311243233142344234233321114321133422422423422231334214132312422432441241341433424222232143313211422441124242244422122
2312113142114324111142242213144244242343333223434113244332144243114342424321141344313311214424443213423323111323242244442312314141241113134432333241322144224434314224341113433412133234211124211341441434243211243211134132
4344312433341223332143433243134314121333314441421231441232422321321443434433324243121214123144331331424241441222431413343312142321131321312431434131344423313421423212223314423244214331343434122222341111434212234432411114
4422444122211224121421241413112222421414421132443442214122222124344314222142122143324434131214243111133423143443211314414332333444443412214341344342444324111322442343133333321313242333113121334112243441311243131422112422
4342432132333211342222442222211234442341131443132422244224241432222442142132114413444133324332434411212243413322233144142434333342331333331344243142313213332433343333434321142321332422333313331122141444441313432224124421
4134132134343314241133232113213123122323413324233444141423241111114342411432432323421333242313412131122234344324342413412143231141344323411124312342444343224122342331344343242434423242314411224233143432314214324324133314
4222342431442234241441242344441342144112422444441313213334342433114224112243233421111441232132232313223114143313143221411232342133414333134411141212132242233214114122233341243323423222244223142412333213132124423422342342
2213441142224233243423432334233343433441324143144134341443242211231233344242233123234431144133122221431122122134123432131223114224414444414144234242342442131213322234312341434432244442314324221433144144413131412133344133
1142124134121433314131413133442211214314122243131113212132232124232322123414411332233114332211144212132424344431111123143424321214134412121232131331332213132333214141134233341424224131341424413213332142333124243322213241
2123242213332343442223242414122342143424142314132233332141334421143122413422234144314232344233311441232443324114313432213232313412332314213432323143113411234141131114113442341123414213313432344334231113121114332141324123
