6786786575685855565566678678857578785585586688757555877786785558685578866686676757876768856675878686785566556856757555555785556876787585757757868587857656566587855777668865677875575778867568685677568875855766776855568767
8777885676588886775757856567888768586586675887757766586865787778787585887656566777888778565586665655568778687778668785668775578678868785775558885677556876585755688685756585588875587887555786676555885785755686868686556555
6655588866865577765867667756875768768886885677786867788655656687657668855757756557586775766666858868555566655585658758668555677885658588868756665665555855575755677565578776556866867888678585886576776558766865778756888685
6886785858687658576776575667755785575678856875778768868676556686556875685866588577577557778687878887765678888877677588656886658658676576885767687665778677656677888675555858778675787576855768656875877787587665555558775855
5586657555555865566656758867856858658876865788788557785768558756586867588758765677878568686557766777688555666586757585587867575756676766766766676585557856687576555578855866585875576886558578555855777866766657667685766656
7785555557688775558885787758585858856768888677556855557777657686767755666685687556685577856657875876866665878676876688866777765858876556765655677775788678658677877778657686855786888678755588888857587785858866575866587687
7587578777656575756556668658858556578855557558658856778768885777777558665658887576755868877555576856657588578755658656756765588777786777876785665658755878887765767866865655766777867655776568657775686685677788865568757885
6785877755655855888657588865788756658568565657685655676557888765766888667787685778856875885656557676688575585556755665576578768587755568587678677557758685575667867685667786776778876576558866585568587557855657658766877757
5585687677887856567585885677568866555668768577556877665576566786656885858565868557755868755785558766776657785685778886588575655755778766868585665866775555777568565685657665586878687778667856788688755767588657688668678776
7856867565757876757578685885666787677566778866788568688577866576778786875855887688855765756555775565857878766756656567866677658655567578555775576557558867556586767767677568875878867767858865555767858888686575885878666687
7876655557585665878887887876577887857878758756756666875776855777786676868768857767856856685578755775756585665587875558587576756755786688765857888575675786565656557865855788655556676656656566766785757768656578568688666578
