4233433141341211322244223343231414134144333431431121424124321222144224231241433213224441244142243224433334313311324324333434122431134111134244422224322221311123233143431132223424241111334114121244313424333241241142112444
4341211441213431442412341423111133232432313432222431322432341444314231232321442132312143221323223232433211342124424212412144232231314444323342124221112321311131311311131233142322323442432122313213134121113323324341332234
2412443331221134314344111111414422442141314434433123332313442212431442111334221421432414444322331313111141322124441242144244134313132414341122344424221121214114112134324341412424132412442434422343232243142233343223332141
3331433341231214132123413421144233121131142113123113212321134334443442231331343141214121331131114413241322134211244223314413212223341234311413121241133313443221412113311114114443111331342414424142421141214331414441221231
2141234113314433131122342423412133322132432243121232231444121131134442131423443443234343422222144123412412442313223443214144313312313221122213314214223431213423434141432244322341331211224414224344331434423344432231212341
4323222142311133142423222414431311234242423334442323433112413421114231414321312131144323422213142432121432341431313434414443234143433111423413424134143242222213321432443412232324232234222213421432332413232444432232124113
1121122122242441233112343423113413312144141142121244131234144414143334311433411221141441411131222141441331133242341422133422224243221434214223313332411241222412143344343231214423331441421331123113323423132133344412131414
2142132133312443123322412234444134414234324142321142423224432444244421413214221144224434343121141332234341441144212333412412212134214232421323442442234221134311131324324112212331331442324134241224344443314312123232322333
4142321312222122442234222311132222323232131322433443331324222434314141412412121444233432232122214441411244124333244143432342411423314422424124423123223142134121212324324131112221432323323121123443144243243114132231341142
3444234342314214141214142233441134231212144213233121134212123411142333111222313111313241424123432113321244331333222421442311441134131421333321334112313142132221114312411242234214124214241311444242431113113113111123314134
3211321231234322412141431334223134214343212224431323234241212442112422221123332212124231143314334412223431313222122132341233133211142421123424144311114243324334224242211444122232414232331424342131124224441243342344434441
