7568777585887568786866566687876887555858566676678857865867788655568887866575855585756576857575588857567765878576858567775677665887877575558785686857565855566885575586578755767787667588565685765586877768755785768888555665
5856786766585785765857567575588788887856677878856788765566676857666585655566767565688756887588886565757766656766678575786857857785857676875578785658785576587775858786788677778586887787587657858658587565785685655585875888
5668576676667886786688868585788788568575777588757758785568888567678687865786865557887678585865776558866685656677656665665765558858877576665568878577675876557676576575687786655656858668685687886557765755867556888765567758
7556685878856875875676886577765586587575767668658756756857888685856875857767587677768687666776566767765786776767578676858878875865555665757788676676776578668788855555855788786675667866557876757576585568757566678777686557
6558585767787655668675568568676668887665768857866586865668656765666857757755786766586767855786768685765786766867785787686768687865657566777758788555777658677878576878886785778686868856556655756765755788557865876677766566
6685767575578557877755766557577678777655775567857665656756578576755657688675755667867875578555858858767768777878666775585767658866665685677866586765757787886757866878657876675568666658777666858557678885675678786766677567
5778565566558666687668576675855576776756878668586687566856686657756657558686867585666885657786787887588575567665676588856768886657778568876557558865565886568675575768587756767556888655788775656568756868767867667875668888
6776685787668588858856686667888867778568586876785558855657675888777658787858576657787656755757768877868668857676866765558578758857785676857685885585755858575758778785556785857678767855887578666657758756558778686665566876
6775588556866668855666588885776577768756757888867755765575575667656656687858857755686587685566875878878587668666857586666658686675678556668576555668676766755855587887755787668687688555585777766785655785578886887568656885
6556587876757586587855555687665887786657885786877678575777757578755856556755565876866777788556766775666856778875855778786687785666788665565867666568778666768855676668667875585585575865758677887757758657686767857575558877
7556865756867656675888778587556558665756668777866867578585655778575765668756655567787566868865877855885656588785585667685585577588588855855558788756878657676658685865666656855785686585755575685788656758757675777886855865
