3443321414434211313234131213131133313133121321314333211444323222224434332112123213443322234244422433214112123122322243144213341334142323411234333133314243343121243433133424314422234411133122232341312131323341412113323223
4132232214344224322144341143423332431432344313233113114211311333342431113341344112211321413143334433312223314411333321112143433444243234143211433112341341242412142112213112311314421322113313133234412342224134213444422212
1244441423442241412241343333443142441343331231431412243314133341323213311434111124214211422422133413423121211131123222423121242321323311423341131331132114224321343341232433314243313342241121114442233311122244244212221321
2442224312431343121233214124111221321312122441421234132131342141214313314442343124112223313231132332144223142213442143333222223143211141323324233432314423234114432331421422332211333242332112111422134311122341311432322223
3131114444324431421213234212243212332334122431311322311342414114233413321421312314343333324141412241234312313344243244433313343422324342322344231121232423444223144113424133443343442212224233343431341244441144111111314431
4111124112123344333233113124144334331431432331414332331314342114134212333213124344224343342213432334214333314241224332324332323411341411413433312222231242322134212134124414222441343214312132442312344211434231223223111113
4443224311423342122243323423322333113133314341432413441322121331422234234144411434444124113113433343434412231344232223142223233411114344442121124442133231242113224331423114423121133111442322123232243322232133341423241333
2343221224443134112433143443344122123142124121411114311222411312231133333421313332344333412423334442414344333211424423431123312122214142133433423322414134431332323321241232313141444232223321134413121444141112442122313433
2134221211123222331422413332241114144421323443441441131424312122232141411321331312331313432322311321232242312212423312323221322232323133312121212214132211242141332142324123231222312342411114442412331132243144131344422324
4412124332114144434133334431231114211412424334221142234231244241114133241232334144434314234412131134223341234213131211343141431244212343323144422443121233241111131431134121144414211433111133314344233323233412334122111122
2313142224323331412212242423344243434431434113214113311244424212312341444434142434144422424414214334241314243212333123413211344122121331124241111443332323331122321424344232324211422324311331413323433142142241412332142243
