7676777777675675666585578776766555666765875567786565775768655555787885886867668766586786658566675688868886757687857878656586788676588766657668778585558776655857876868565858576556555577778565778785578758768677575885878676
5567765865787587775667768867558777788866668668768685587886778775765666777887675887668788876658557877685676655885865866876656668876867688876666768587778776675578577755775675886655687556587578567777688755787567686676658787
6858656766856585678775765866776867577788777658786788566675877886767656758788678688787676577766885556656756566575586887577785686865688858788567787857558865587657756668585587757775755687867655887577665587875875685557688587
8665768767887856678688677655688865755888665756556668766555787575767777668787767567886876876688775856655878588876586785567666757887776857786678787757867765885567875655675868758678875856785558787785766567586688886768777586
7777788666565675878568757677566887865585558785577758556667576577556765557786855887686667678876555678668877685566685665776687775588558765676667678858568577556755758575778878758888678666768555668566866768565576888586678577
5858867655666687568575566556765686787688755877756667585567576868688656678576755877855887875878868887856858858878867857885565887878586775868658568565788768888858586667578878858866655585575656678868667867878875765757866855
8857765577687676885875766878588757576766685766878678575657756858687787858685678777566867775678665766667576675577685587878685675887787568876568687855875658788758857677855768867876758886857777777885787666587775855875776577
6675685886567856587776668777766588577758688686565586775688776778876575576766688558575567876678885855756677665877566677568885577876667558677668655558555857658655567657685676888875755665856875577768668786567757878675767557
8588666557756656855788768878667866656765675677578576857786676687777675786888677888556766765685676656558865757885656765888655875787668767857578768656558766655887556886786755575886867855656655775886765688578857576767768587
5868868788865657575665887668877656855856558888757587686665558878585556888685587876567567685875865756658577687778567858865587558688685876787767787875878677658686666655876658857588576687555856788576578767888678776786676556
6886758768867567785888855885688587765687668576587877878565555675657575768687678857656578675576875788757855588778577557585787888777565778775765657576875555858765666557865787586665555776585876785866585658866857765766675678
