1424422313241414224233424212442324224422324324423231144132122313244433443312234444241134113231442212314114233232143213311313414121213441414431111131211234442233122431111322232332431334414411443441341211211222134224134441
1322214411321142321321312141442333412443122214242213422341232443222424123343442223144431243111412334232134423144243212234444112331241224133241442212211322211434442333421443332444122144141111114111222334244441321422343243
4331332132114131311212434321314321413431143111213414213224444114244433331211134413124432344141331444144124443121144233131413414211131221424132441341321132221134344212321413111234334242111333131413123424233123334432334414
2444241213344144212323312431114113223231231414413412333143112234142132342433122314132411224244141444323224443131144114114142121322321212222223344212112441341311444441311334224211231233344411144214311334224331124414312112
1121142342414413141132133433112341311234132214123314112231312433143144142341134134423323434223122311232223322111131223221224434322141143322441422331412423332334434111313211321431324244344341142441223143333342431232133432
2121111244413121421221331423341142412314424321334314314123113124144133131122444241431442121343334244444141331342444342414422323344233242344241132143112221133412313411124122442324343414321322232144434321242324221413212213
1341332131444111112343233321143213113112311432311444111331423434213341444212332132444341233431231422221313124443123441214134412431314411213434112132122414143234214424114433223334412211321444213422241241213411124442112131
4222213234141341242122232241243241342114342324412111131111143213134214324233122114133131243331341434441421343134222141244422344331133322223124131243144444432442342144134124132312433231311122322422343442212114242112411112
2311412323433143331443412123133211121142114423231112242431144343314134131121242332234111444312142124142231244132224123144211324123214313433442433132144232444342413332212124121113333243132233423131341243214113314412242143
2311132414114433334223421323113424441233243123443131324222342113214223324114311241332313142441412411414323214112123123433121241423342313244131443331131231134442421433413341122344333143322131122142221211424322243132321341
3412221424144422122141321411231321431212441234433131443444414411444114132323434112111212314313231442433141112313314441121314441121324132241221133213222321112312411311433142342133143412412343142132223344432213311114442221
