8786856787886777876786877556688886856887677555587686676578567678677757555868765767886676555575575678877556575686577558878768888877687777886785768767675685755888788887685658566757777685857685577878888786688878776668567865
5756556877886676857565878677556867657655587686788855678878787875756878865588585855578675677777765778577575758585878786866587765758575668866875657677667886785855768888585666886785786868665877578586886757657767587685865675
5876856868886865558557688777565776575868785765685766568556886868565556855788558757665558687587777588565556667788578787857687778866665878758686858868766686687578685868767565777556556656785757777687768876756655585755885578
6567885867885885865765566865778557657867765688656585788666588756578888886688667687868876778778887568866687588587657675575857765677578865757878575778588688867856855876788756586555558566588786676767567857656656756866788767
6587887686858887556886557766855655577787575558885565778678565575887655565688565755778676887765768668887666578865675767858858588785685565765658675876855557576866576675875766588868887777586687668785888555566558586567766865
5676757586856856655787888688685675858785685588778756686656886568757678567677857866886877666576886568657786788568785565777578668758877868565877658868857878668585567657556656656686558786686857587757555577668667875656758856
7878867788855755877867776685586867577768758657886855578866666766588767656658577778587675778865888775565857577557776785776567885866868565878765587866857565886856775875656775568557556665576566567756775555567685887656576886
7686786675876555577765868888667568777885585557567686778778585786675775586565556775867758676766556755565757557785788568785578758877886555557656585855585556888578658678658568866768768778786858675768878588785886675855865778
7587868758758877768875666856865758775757656888656577887865888568778758886788878766788867765788885675758887756867678656575657777577675665886677877676657657758576558565677758877768657866758888685886688856556856767585857657
5655586576866655555688856567887575665888768588885886565565787885788565577587755678568555788886585585578866565868675785688677677867567587568888786588756766677685557666885755556657788866676556676857776886655777888578655787
7588867877766856776877875587867668858586767575668588578857778785558576557586578655555787666868557755686775558666677878558565667786578775577668758575578678686576886776588658787666885575788756877685778657676665658588588755
