1141114234234223114223142131223312342332221444333321231313433223424241411243422324341432313444342244431421433121434341131311214211131324121124421341244121121411132132134343241123232342313432123224322443231444332212414144
2322323142431431144221431123331143122212122121234223211234333341214143241421433431134441121124141121143432232431322323424212343133313131443422131343444312423221441234243233241311223122423344123423441334331411413412211444
4121244431343432413332123341314443114123422113232123241331134122211332424231213313242242142123334143411422213423344243234112331322434243342331211433122122111132313413314123444234431234123222134122421114321144244443122221
1111121222132444122244144213333242111313442444322413433133433124213244413424411141441413134424122421211312111243331321332121321221344444111414432123213342424144344214111412114434413422342332133112242311433242413333141423
1421412134422124134312331442323131141142112434134131224414311333433313312322243223143422331121123214231244434144243413332233244412324414141131342313324123322211323433231331134113242143112332311134342124232321431121442343
4111143112342342314241343412321112434421423143423421424223432414112144221211423121314321222114344141211123143314111133331144321142242124343424223334122142234242133332412344423243224322221412224224221334142323344432342442
4224331321144112213144114221432433224112314432132341111443141212134341141431431413224434131321424143243231343333231132233232114243443112213432433334242331434141221232133324112232314111143234341432223242121244431314414412
4131344444231441313114314321442421343231433343333344444314213134434213313412141412134311111141141322431244443333113434313144321312131323323224314411222333111433343433241313324343111142431441131241213412321232134334133213
2143342333222312431111342223224243113232311314133222312422134141413123324421324342124243441242412134342313144412334142423223431233311242111243242444421211232444333443111412331422133242131414331122323244441112134244431413
3421114122233334421111144432432212121322223311443412242341432222443113344421232124133221243121243324211444114211311214411331323211231422421331332222132412324111144412141332314343324142442141431424133311232424441213342141
3131131421333432323341314344214222331424244313124431234113411312214232111113122311334234143432414433223321324311234431211243442231222112133332213223443331443132331433224444122344343312413214112142341331334234121223221131
