8685665758667776877867787676788657566768788856585578588658686787765877767857688858575675558656565878867558755558775566688758658766688885658678655678777885676588866765865688656788587765767585678687677877858888888665858775
5586566755575667568866885576688668786586586856578877686676887755667858758858688766557875668858586666676565876786785878788876588865566787876868686775876677585788655568885555887856557758855775767658556756877685865657866766
6658575786556555575858887868567875685667575855765585886575878586788687767677587756657668566675576855757575676686668866856885887575856868765665757686866757558875868675855688855867566865866586678856657767785858665885576576
6585788885786568585886886887786677867888577587857677667687688566587877665678676886777855875585777578657776556858856757556775878785865767786875886577758676788585888576758875587567675566765687686565675887575887667786786886
8568867885586778575675756765676565585557767867557876566675665857565658556855568876876786658888757776558567587585665786656558655575657787868588688576857588576765666567867766877786757558865657778878686766855688767855585658
8566758565767585878576756787777657755755768676666578557857888587888675565887865855877557867775865567688658886785778567676665868655787677757768786568588765765776867567876675655765756886668685765566555668885877787678656658
7888756678856666588575685856878678856757558855577666767885885577885876876888678768857775868856557775868577657686655666785686877756686658858588785765578775775867775756887888676685668768885757587888866757686667566675858857
8867875658787866776578678777657767556588855778685556585578676668765866557578567856687587777685865686858886855677666885686585588555776676666578586657585565556585587576888786857766566677787755887676885857686787567577577655
6776557886786768858886685667655865677586775656575575586666688575858665785585557756877556666858855868776867785555555566758678767668655865856887667685786687577567875856878785767568877688566686868568675876867885558577576578
7677875787757587867685587577658787576688885568667676887776758557877665688575777567776858756768856655875558687886678665577777687888777576886658876775785785668778768678567675777785868678667886568855665885675565775758777677
5676656786776877667565688757687655668787557767787866665775777865568566666675668868668655666788675665858856576765856678768577556767686886767667768568666788885575865856768867678775877658576886785786755887787765876777657666
