4431344323121412443342213124433414124231414143113123222433321332242433231133342134433344213341311224311224124133144334144443441331124234333141313232422434321332312424113114123414134422214244114312342111422443314424424213
1244141231411244331311223413313124212132111343424131113333322331121433321114322133241323233112412241441312412243444133231342211212114342211422141241433134112143232343423141232333422112331242432234433443141232342221324441
1414433144333342132433241144113331231131122231241324313132114314331333144243313413444141443413121422144114224143422213214443212322432444323334233224341441241244143121321211444142314314244144412231133442411432324332313142
3142442324231214421433243441311432121421341231432343213444433233334112342233434332113214214213112242134412231211123324413432122342424113324342124234431224133123414124341143124324444114221423443211123331433243441231313133
4421222224131144214343112343132142321342223321221333231434441312434342242132133314121412243311413141412111421311221134441142214241241424443142331442442333312121311432311241133312124413434413142334144222114142242321112324
3113133334241112343412322421241244131321443322423144142321434423432432131132223321134442211433322324224222343114122312442132223244222421413213411242134243243321311144312243321233223313213131434243411121433334312241221431
2444111343424142114113332123244343422144244341244132333411241331411212323221241243313143224321232442243433342144132124122314334421113324421132441122223324442121144242333131323142411241414232131324432322344133312324112444
3421131213422442342432341224113142441343112211222113212444341231412434413323123444311421321312221332421344243412334222234421113344233333223221443231344421123134324214113414342421214321213124113411144441443243414242432222
1422242344242331432212441331424342431411311331433221221242242143132111332123412431142213324411431421414343324232413241312224243243443313133224421331234344231341234332134144221334212224432131123244223113232233121234241131
4443443331421123231141214223314443312421413111342213142113324422143323414243144311231434311423412242323132111313431113111441313113131123334332141233434213241443342222424134332332413222144231324411213444312324313433324333
1443431121421414411442424414342322323112414312223442122412443343143124344432241212331441111422212331412223431132113243341243411141424432214432142212333312432322431441334312213112411242132244222421232421412413122123342114
