5886655657578756775556756677586688568888866768887855888668865877686876686575686766655566665657668868557676556657565665658767675585568657867787778677587678588566776867586568867657677686878765767587867566585666567876856588
5685758787556888688666565578865657568786768777855867587666765877666686676786676586777687876887867556755657876776677856666675776688667868878658858586876757688566867866558775685875685658865878657785885766776658775665667856
8575885688867676556666665768778586786857877588588885685676558886878755568875875858568685586777667587568566588768557665768556568658688687766666885858788558557878587665775857755687578676855575888558756758558885685758767877
5588868885886886867568585875688555566886755675667686877758578657757778766778886755887767776688786888567765568786776868686786675775566565776565586557657656558787755558678867667785767678578858756757887857657875677788787557
6677675755567768578865577575567856586666656558685756577856866867576566586575768657767868565768776786855656665585778688568787777785665677878865866585677677565666758777885876557556687587858786665657658686655565575757685667
5556558776685686757767868656676767566788765867567887577868686677775876885555765757756668768555556786578657568867686685688786685575768776686775658877575676676677566685556865657788667756678657677786565676567768585857557575
5567685567588587676578757766856776667776686856856768665768787756676886857585788666685865868878687857568855775885667878667775578655588785567566868758767858757668766577888667685656876857886688765765667566857778675685567757
5877668685558577887876868787657878657578568888576587558688577565775767677666587876575665658576887775578675678675657775866687887867575775787877787776586587858868567666566665685667856557887756858858875766866757675757877878
7786567876666776558676586878778666777555777766565685678566786878777575557678867765586578756666856657888758877866678657756768778658557687858567876786886656776788786875786867565585558888665756678865557886678556656865665756
5658888877568585866785875887568688855756678688666657565565856867855687757656857868858788757788575688665677677788856558586568766768865857867587555875586778866586657658585756567655658868776788667668568877877577875765857868
7785768568765688756877767677756855785887756885677866688788786577568877868857757586766888755575776668855578655766666555788565757878758676756577587788777867776886665766578666866568758768667775575865875776855765575557885885
