2122121142213242221311213112122324324411421324244444232444424331233421111112441334323242223432122112113211443412321343444344231444232143212121443333232134242341214231233133241344414312343343123443332343431414212144433111
4143144322311141321222323223134133342124314341332242444131314112411324411231331412333344431331234133333124234333242241212131442241113433211333132342234311331311221122123123313112134112342343442234434344331112432222334234
4242222341322214234221211311323121121133413112121222231314142211141424143234342211223424413133441214232243421342423133243144214111413412222323233421443412433213124112112123111133224113412433443231313313311444314123132442
1144412332324421141232141321412423112141344132113224421233421442411241424122444344422233231243211342121222423323332121114142442323341134421221211223344142433333432242314324121234131421432134324424243421212343412423431213
1332122133144443212134323112342231244432431411333422213341413232424211322211144222221412241133421413343222223434122341142412431214232122424132214434444222111232112413232131331422323143224144241421223244312414131243342311
3433431441111123444231441443413441121234313332344422242114244121434212234213321443213233331343142334121342313313312312433144124342343424324233431242122243234241141222241443243112312341324441122211234143443142221411343311
3134341331424134144132434131224214144342323342433344431343414414113342333443313412241213112342231214243434431422132222421223424324134441333241313443313231121344443433241433313133114211112144334331131213232224142434344132
3342131123121432223341141322334224444314233243241113444443144133334433332223222233431234121432132433443111431122342233344414441323243244233322113123143323144313414123133333423123343414323133232333143343141441123241144132
3312411343232211113311422134332113321241344132113432114423434323143123314213231334242232143122234412422324212422233123334144224311424231111313131313113434132231213232411321133143213341141143223123422244222333412132221141
2234321242122344122122312124232321431321141211311441424114214142231242231123224412412124133424132424431122231134244421244434411322212443411232133342112423244411242121123433444422343221114221313314132312421441142222121244
2334413244313424132121114213343144333431433431423243444221423412143333232424342311421133113322232111133411241432212422413112321441212221424212411434331224131244133131443412231433312124213143211113213232212144332422323421
