4334134414334122443241213322344243341121111321222411432222343341221334112431413242411213434143241232341411434144433434441223423211244132244324424314122214134433111142233243213342231324414211324422324311223224441223144122
1342241122114211411432221334124234413314214244434314211322124221321421221411112241223314121144222422223424224221132231334144132412122233312241343441133422314114233444232212212414414332222213433141432224221132214241243142
2131111144213343241334343224321131132344123343443221442231132232112113221441243124224222222233444232224414313423344232434232131432222231323343342434423434444323243224121434142244324224134133433224314122132243443431113111
4244131422342313334333421112411321441412323312124434441212243221214242332313443124233242333432141231144344313143111341213233221144243221334442443114433421221213231231111321224141112131143324143221344231314344342122241333
4311141414343223331343424123243112343443331131444412211323124112242213233131314441443313113343312344224312234443422142114134444322312312121231323233343133232223443211423213243341424111444242344144144341223124231433134444
2432432243112314342311112213311142331344323311141443344114112434313443441244141244144414423411143324124212331314213443331313112411224111142221311331311242313222313222242411233342234144434234432111322231321444132314132342
4332233322111213324442412332143123434423241443333112342414422124234334311211331243243231324113424231131334433413344121344334111143332134113423422441114112114444111134113342444214343221432143244241232142234312443333424414
3342134433133143234424233423413243123311341244444411244223223121221212324411213443312112143313213211342222212142211412222211314232124323422313342411212423233232113232432213123234124214222142422443241441231414421432441143
1132423411141314313424212424443423143144413233124142342341314311231233422234132331122241313411233431233444113112121221321313342433434444111134342244124213422214424112212232133242421243234232233121222313234241122312242221
3141141334132312342113233422324423443144124221441132133221314341234424311223113312122332413221422114223333333334331341122131414144323433111241314422233421323423141232122334114331231432141442113142443311324314244123144114
2441113341443432411344134141241342141233133424113111143312122333434441142342122123343243141224432344111232422214431331133212132442241144344423414222222431124341214144132113344442421232243241333321441141424143331334133111
