6766685675877857665688865865868675867566587878875775585565766665775568788555777555758778866677685588566685587686565577586578765778586788685668588888766568676776688576658755787858676585776586875867887656667755676875566657
7768555855767555767678875857557685586877586868657688555888565578865856766558765575776878767676777656775665688766586685856687785768665777576667685685556656865566588887778655658686588756657856586675875568677755555686878655
5675788555656866858565878876665857676876787758655875888575886875866858755587555666677878888778888757888667655577855555577665685855667655778656857566557675887777657576667788686777767665765866856555556586686766877755576655
8565678658567885785668578656658587875558586688677867788757676757856656675877587786876656778568578566757675855655888557688658666868668668576876558865755768756577885878865656767588687588558565885875765586658656587778766587
8866586688558568667766876667787868658555688877866686776785765567855686667576687856686587775686558765675857855557657858885786765785565786576786865557575758867657755576665656758887768655686776588587566688688655876675887865
8668756865656585777768776875586656778776657665767868586578758666757587887876788668778758567677767765758668686565666868685675555876556876776558888867765778558577577666657558876768677556566557756558587557578857865678578568
8585586878785875868658658686688567677575556666785756877687787657655857866666886856858575755786666885668885576657667768655786858785665586758866755656576587755658855666787886688675775876768868666557765657785677566568567666
8675677687787758688585757578866875777757577768786575557568588856768666785788586757668557575777866785865867778875886587666888585675565865776857888565857667858565556666576866678766677755578668687888578775658687776868685785
8775577757765586686777768656685866658868586756585587758785758876585588877758876885677886875676767788867765678765677785588576767667666668867565856875668788666587775786675555865557686887675857585577685555565658576568688778
8885877856758775885576755557567755885767558678878578665677588668757755576678588865657876885885587558657568675758557785758657555688868767567558867855565857557756688586675866866555788888658568878866567657557887785678658867
5588885858686666657876576657856677868575587585575857567876888766578858775785555676655888686566655665576665786586885788775666565756655858678576755776666676768565585655576858885858656577768758578656888687776755658887868767
