3134431431441214343312223242424244324212132312243223242414221432441332324222131132341434432212444414341314412313421222411442224133133342434432214112423132311422122414333342424331443334331442422322414234324142321134131344
2242442221313322433224321123441313241431432343423413232122342443312214341212321324234323321133143341232222413213232221341313144132431422123113124331441311121422214131322111423331143221213122213322333133344311124142114232
1144133414314333224311331422231411311332314423122321441222143223344212244341321422233442214144423341311213124321143414423321432244411423214431343231342323123214114133311244311344212422443133341232433433143313223324442114
4113423111241444121442123113344221342131313443143124244434334444132413122234334344122214442323432123133444221312422143334442333122414111144132313114342211313144442312443341442224314122242123231234233433112121132111242131
1422433441141323234113423114414123432234442423111344413221321131211341242344442444424124231342413223221343124312234432111313123243114414134123341241224324414131142323132224232312244221211121413342414212221323412424224342
2334141413144331331234233331214133413342424341421331133222131213432442244414241142312322212324241212342422111132424244132314313414243132342423231344422312412333213411313212134333141122213233133322132222432334433421223324
2243432414414123331311331411314323443124132411333224242124112114134444431413114412324313442413113124424213443323422331111243134143133343312233123331312343123311414143212344441131321442313332331334112114243142312244311212
3412423424143444414432224133114443422422143332213344442222414314141431312141343133232312443212341424144221222432342334244132111213231333344211441134211214321342422232421144331224314321441432433124423333423113412321341412
3422213213344443133143312324114121334424341123424222423434313422244241314233344423343432231144243441444121421113334234321434141334441324421211423423431244122232133122431334124413243441134112144421444144432334231211421234
2244144121131443141232231443241132332312124112424134434141411114342241424421224434113341321144131443232424223313221422411222333414434242424411423321123133333133241322221234213332242233414133442434441343144324211344231144
3344213243124423424332313223222231444122123241113421243422431133411413312113421234234221314322242343221134312414242232433444413443323111413432424442342223143341442333122314144232413442322131423124422114443211214223421212
