8886565657568678876868576766777668668887867566585657686685768577866786868668555565688867666878888865566766666555566675657676775775786768555657878667778788868866677776787786656758685566677756866876577587655778667555758668
8568868867757667667886577576766786578568888875665768555666667658687578565585575658856658876777675756665678765687567588886687556865775666557867855656586785775567756777587577887588868655766667865665556878665575687865886565
5778666857865667555665877758686786586675857575855886678887875765886566667876755565688658566865757755668588687656888866776555766756877767658688568687586578686575758786785778777766686875877687856586765758666787886558785766
5785665776855568877578865787885557876885757588766768858755656558686885877678877665767585585876877755587777565588758655888877886777587566685568867575588776565786885766787688585677558758567888867887778875757857657678558877
6776676675767756558777656688856676576585557786855878555758555757766877775665558586557668667687877668675777885675565768857776566775686876766857578755755777668857576666575788678766785776565875858675756768576867768576566865
6568855565877668877588776575767786567676665878786788677786567578587886686567577565785588867786657588766858757888655876566857758855887688556665866865785785886886858767586878567675567555867757565686585767868885655885787865
5888865587775567555577787856567655787577588887876578885876678586757577657658875887777867885687676555575585865865775687677586856775588766668856587657767665577587866566567678858786566877676786758557785567855577588865676858
6767588676858587565556687775876666556555567867558567677867656687876755688777666768687766887757885585567858878776865767587767566778666566556778887866676756757858878866576566757568885858688667858656887786885576888558557858
6756886666666656787788788788868568867756866757857666655787567757786875866867866687586787865565888765755787665566577556865778788765555857755856767556557768866885558557568756566866775878886556687786667888576776558675856666
5857866865855768867665657577868877775687687857686588768787588657577855855576766668566766785868586567565655787858587568765755788778858887566657575855655568555876556857665655765776858785685667585557557766886777755677656765
6886755655567788676756686667578576657667866577677786586877885788577756757655777668687768785568565856568855875665576857786568777776687586677855587856566677686888765557886576856757785787875657556868757678577675656767658778
