1142122123313121224332131341311442241424111321234242232343322322112414233331144133433234131334411132332214221342443343231141133414244433143122222234211431114443114132124414323342114433144221134241243132112411323343344322
2431123311134122113431111123334222222421311432112242114344441414122443234213344133142214244332414111234122344114214122333144121134442411422444432114142441431112241141334212312413412443344332423433143243214421323133322423
3414111331243313433241221242211112324222232321133211324311131222344341322322421331324111223134234122432213132432221414142242233443432121334124421231311322433322441342321431121114122423233423324441232144224443213222431112
3121121341431221232244111234433141313114231334232424133321114144124223341233442322134313342114433213411322143221143322432231424444142312132341313244331222323141232214324444242323231313414114122414123234341422333231224334
1223411112243422232234341322131222143334324141111233323121121313123424111422344441132421123211122334341144243213434132344211324431211131321131314232242131431124424212434144232322232414421333321421443224323444214423433112
1133332342424143443423233123433342423314244132441211112124114332214223313434434222234343224113343242441334213412443233141441442413442323144332223442424341222214231313422223342344314413314431422333214234212312131324124332
2333113234424131231142414342322311314444341241313434214244213241323122144111124241314214432311241333124434433234341122244224242441442312134412313324211422133423342431414342444144422123111412411342423434314122331244143143
2114413423114241433131142114344123321311124322113313443314133233144424242441332323432313333411441332324423332232444332343442223112232241244231411311221144223143124143132232442121243411312344422441242343121422424122121112
4213121442443434222442313244332313131114142341144114333324231312212412222432412331224433422142442243131213432313142412142443132131311144311211443334214214324424131233111113333442413444122112132442414212311333144213433412
4333241333313422231431143242222121313333232424244114342131322342123314342334241224331424221121443114441443144311232121233213111242133241423424212331332122244134324331134133324123342422433232333314243444433111142444234142
4121343111414133141222122221223141434411424211131132414211123213214411334312322343213313132342341441141441113234243424234122232244341111141212322112332214124211243123333413322224212343142111112221113324432233242211444341
