6778687678555868566578665568767658878677858676767576778887557657858887768856556857886856578575758668676586768658888557876867885657687585686775775888677578555585778575758585777775687875687667665868685668576665668687678767
8858678555758687557587588656887558757777757655588855776788766576677587755766875768856856865667558665576585567776766888785565687776665757758675568857865757565658867888668876677557555585678777787765866777676768586687876866
8886657676778667665777867568757557776878585687858887577868556887675778768766875658887775885668887666565867657756866775856588558856857765556675687777665688855777755576576668785875866588875565577666788777585875776566856878
7565667877886768758887558857767768676775875686855786786666787855788758685586657777578787865757755658886565678668875676566777588877685665588888576875566856755756586768856888786678586676685678786578788557767766755556865755
6676856756878578875865676658655876775756855557775568778668785657858688575868677785785575575886788766876556556876558768875888568655888858766675678677675765675775886768585787777555655576856568787655887865865556558767688678
5767685577767675686855576885665866865556888657658685757865875655565566667657888555568556757766768877686677888757766678576887578855887557578576665565585876755767576755666686577867577675585688565568868657787755567656768866
8666586658868777555776657556575865876665687656888766767567778868666777557778786878588686776767687866677576568675785658686658568677577668786855675688556875567678666757556568857667658665566556888865776667567765568877565665
5755775877556577757875866586865785776776857677666585557666687785777567585688585767755766788858556655785877586877657866565868878656585786555688788575888888785778655878776677678675557676658855767576568857558776767685565856
8857568676567857765858665555578678776867786866887755588676767765655886586757865588767876888865866888575768587557575677857655567776588678765665758885877785888668588886585578867877856868575657857666668668886686565568788788
7876588667888567766666788586866555687756776577776686865888567687856657577887586878776667877856868557758558887857565578556575556777775577557587585656766556886788676565668676665685668686876876755676867766757867575565888667
5787755585886567858678656885886757755667885555877658875688786557576858685785678875585558867565855877856688758685558885887567756558668787757785765678788756558685768787585867868655588588575756665776888565755756785575787868
