3323132114112131122413322311122412324134424444142312331443223214431212242331113233232323242414432323111111112343442222211144331412234322314143441144313112324342222314241112312323214134112322441114421322213234223141314124
1112122243134112112312224444241234122223412221441234443411243421141343223431321244444311313321344234241244224223221142112323131244241442233232432232313123434313121444233313121411223223123213323214332134222232141444123311
4244323244223222111242231223324141324332232412131142222211313432141241222311422243334132221444442421311413122144433342333211431232134141224322443414112321111213444413224213343441323321114241412123144221322143234143442114
2121232112341114112143433443214141243441311233123131431432213144431124342444431122244322342313124141424334424311142221334131331342332121332131214222212223311331344243142323222112232242343132232132432323341243314433223112
1133443244433113433122111334422332342123413411214224241313331243432121331232413443143142232224423124132324444133241231414333244113212322413332434432213134412323321134323333413323332234221241313342114224442334124221341413
2321134224444242232213133434134133142223434444224342421123424142341213132232314411421133212411411132343411444323324324411214323113423443443424144333332424114324414322443441231412323111332243424223143241243331424411113424
3312234444222243112332333243244443433133141314444242221322331221211414324241141341124123344231311221312122341323344421342322224344223441441122241342334441421232324441113334414441114323311432214142112331223333233314134313
1443124433414244414321124143333424323431431134211141413211144114441211213321243322411331241411322312342424231343233214414143333243342114111214212421124114233321211344111114313413212334114332414243432322113114134123443343
3111233124233124422111244231133324124331231224442323343242322444232142231321341331314421142243112431414133332441123331332412411324222241142111112422314242331344314122432143124133124212122213321141442242422214413212111344
4122324343241324423121322233112223442221123442231233123441444434331123134322343341342343424412312214131423342411342223142331423212124331424332244314321432341444412233422321241421122142311124322124114413213332411442213331
3134413231223233414341341412143341333214142124444422313422323343212222344134143411411214431422144342421234241431314111343143443133213424412211332212212441222314342232122122423241224431133143414323134232331133142123133444
