5865888585887886855877858765675568866778885666756876777688785766866665868776668558787775777676866855568877687678588885555758585767888686678778886766767657558776566556558656788777868886686768655765857777766855785877686768
5656676875856857668568856787668667678688678777675877865768877858676676656788586757785755786877778587667555887567667658656787555585765885655876877788775658555856867657758668877578676587767685885588586686587575676877855687
5778877867667666858685675677567576757688755678578788877886778677866866555857755677565867675755758756658777887587587776786786876588668668886587567686856755856866657877576885888657888675668755677788876765656578687556666568
6578668667676686576568865678678768675578557586566858566656686688786655678786766866768557665878585566768788688677886667566778557686855765686576856655676786687665578686557875775667575776678856855876855656786767678687877687
8565556766655556685857876766857755888665675776775758577787668585776768576557776687866787567866886686566785865867575888577758667558676588768565666776655788577887665766677677785667568856575558666557775565778556658855667767
7855568765556685885756677686888566677765858775585678587755585687788756776658888756575566666765786768778768675558855765868558777767785567766567586565658665757686767565575776767775865786787558677757655578855675886876675665
7858666867557755577585857785676666766568688887768586776666568866777588878568765766577688867866776858867788567566668687658887766587787587756655556767658657557877657587767778777567878557675867766876665587776655667667867588
6578557556576856566877765756858775668666557655566666678758756678577868858578865857567787566857656866678566767576866855575777757865665766686858858858666878755666788866586677758557787886576876758858667587575765666888687876
8675658558766657657688676557586856788778565665756686566558768585555668658867668857878677885658878767656886755668887555566878665677678567676556755578875555868765577567878778568777786757585756776868887655777657867775568756
7865687675876876875855787776786776765755878758588667767786587856858886785685557585566866767858867685657787876657667778666758685678575658688576777576758886785788766658665885776758766885575857686858655576877556858768686768
6855556787555688777668878787786858857776556557875757876585667668678658667787868785755857885865686876676866666567887558568685687688578656658668855688558756768587786588565568875556857766877877858566768587588856888888655675
