4131443122222113241411433123444343133421213422423242314444411442234313344442414441314112314412332312421411433332434133441221123132221422422221414124231431213312142431133121131321221133134442321413133324343133334223232434
3221323431241143413321422133443434223212424111133331434222222311334434134333312141321124233124343241133122223431432212442424211343324322113213424232341432243431344324133411222334421211122122322143133411214434444141444244
4223424212432413122131223444244434341141223243422244241123314144434414133123434144142224341343133431441343221124322112322431141113123412441242223314443331133132312434242444322143311133123331111212312421132342311231212424
3113412113143413123242234233243423332421432244212114344334441124424332433342431331113343423413241133114434422441242312233424332231123123421421332311442324213311114343114134134343421244243432234344142414143231413234434342
1422442241432214112322143123141221423321124441322131314124133442323224422432312313413242132114121441141414341442332241214244422112423431314211131422211443443342231114432143134434441344442223114332231411414241442133322211
4112141134122212111314333423132424242342213442131323443332432334444213134131442142234231323243234132242144243112442331424414131133441231334312414214242243231311344412312124133332242112422412441422214223123311411412243432
2423342342133234444244114124224242444131333414242124442143324134221334213322132311432324233324332343411312112234413112214424442433411134231322244143231334331443124341243231412421242321441212431214323341334431321433423231
3212324441231132442111212114143334322131113321111444243233334213414334442233113124211412324423341144342441423232231413333343242341113312243132433241113134444111224344424242414232442241131323431142232412314122142434221113
2412223133241124132313342212121334322442321133333343224313233333413314211421133243242331143121211322442314324441141231113131213331213323242344412442423443424114414122434343431424323423124314431142311141213121133141224331
3243312123122434424144231131442212211441134332424423324411134413311312312332334233441233232443322342334241421243211124421443313341143214144121112143244243434212144134142131232331314222124312222211121214123431312342121123
1314113211234222214223321323342214234214223444311113444143424413331343422231424231431312123312332341134221113211241443114141243224414314224433412243121313332314312433411412443231442132344231443224142444432143141144333342
