8758767678677567688855655665877855567587868656567878587768886888685575668787777858878778655756757585765656657856765775857886775575768858558768885588755768775588668658657688568578858586777768885885776666656686866556588677
7586667657856556875875865578665685678557855568566568777666558886877755865755676657866866688685875875576757665556775576576566655587677576566665767757658885587667877855778857885877655778865866756865888877567768778565857758
7675568778578787678775758887878585878777676587558765785688758766676866676785676688866775877857867586666888856568787885655565675766778787758876556658576887676556866886688868575856785675586655877856886757566858675688557768
7568678677777678585767666885875658766788777666575567887858585786885588776555758685858757878857856676588577676588688657686766765586868565757568578676676578765776775755657888665665668558866778758666575667568568557786778678
7666888566858758585565786657767886868865768688567587788867768678787866855778657877658657868566888876777777786876778755677655778565856578678756678887886786665566886657566688555566665668676577878688875567576566858856888565
8555566866667565578768778657576865765577676875687865888758777556668687668755786768555878658887556678588657657758675665865555858877758678755586765786766876577558587687758876557676565658576666557875688885786555556577668578
8665875685658786877758588585875557555576687686667688876678856668878667567658666875876585757657587857865658656577588668788568765785767556676875557675656676656675667867777766576856788555677858767786686586677555757686678586
6687578877675678876558876867876657887568688768577766567868788578877765556777877557565666557688787658768785886878775557685788856578765755866667667588868756876865777875655756677558588775566878756756576687887787758855855558
5857687788867865567568566766666655876785878886555676876686877767768778788566867676788558878876776586566786788665857656568688775677857568575555656656566886668777757775868756858785855887585788566688865868878558866678586786
8767885655876658877777657658856757686675768586755666876787856657856887676867858568858666577867768585578667775768757876878787877585666755667556688556656775865777667568858755668878676868768767758888867786588758777757566765
8786858878656576875777587687876765758767788656677578776585776856555556876587887686787576556588758778575666885576786886778758558565577587856675577558586677566656578657686777565577558865565768788655568585565687568886665676
