5677567875765578557886668787888657685855866657877576775686685858558577875655576788888668866766787756868587857588688676886567885676688775575585857665687587855687755777668885585788855856655866687667885868868788585555555856
7685765888765866758578657776856787876878858567668785788867576765657575667778668765875858776558868875885678655865557876857887778568885688867755578555655588576886766555776668765885576658565757668887778555858677776786876655
6768775788787658766688568786556858877767758658567576766778568757757885867768788676587887858756558777565666858658668687587575885867776765788755688576765765686878677677856767675887778656657888868788578766576567586766655657
5687886885587765558587777668666676877587887577658685586877686655786886577666666875675585575688687655586657877655686677565888776665858876587678657866876885867758878665587855586578566675868855555677766868786786576775575768
7656656755776567778786665575876567856555557768866567878866775765855588565588767856877876855577668887776568567586857866858677585668678775656875585776665777675655756888556867868885557666655557587888758657667778887865668767
8887678578766566576677888787886766887858575567585855868767675865686886576576565767588765656665567658765857758758578786855577768778886887588767858565587857558688565565575775657868677568767865788855857867555677768586885776
5868676657885768756657655686865868568866585855588657687658878758687886576655655765557588585888575876657685776757577868665675658655586567666665787768875878886887586857665575868567558765556787676765687686788787776678658887
7667757555587576578785557675776886775586768775886577568576888877667775676665776677657678687655588685857878687578666585588687677657887765767657665778577677875675765758777567768876876875658668877887687788886667558678885675
8667568575666856665566585886578756786765677856756786867778775567876787568857758686686885657756575566866667657587577578776757658756856578868576555757658578855757685757658888578585776667765558666786755576787587858778885875
6888857677868688567557768867566658756676877766566566867885886777577588867866556885676757656767877558667757868657578575865888776858586676755588885687786585887758767658885856785658577868678565867787765578777657587588576767
8778887878686786875688668757788777568676757666757566786767566877855765766566576557566878658887668755556678888677566867786876585656678858665675857885557657677568866567767667777886678856665667665775878877675885887657887758
