1424231331123121334411323441231434422341341213122231111334434244431241133224422314442132242121232141212331214434112123312344432322324113121214214433211331333422413224312322214432221121224313122121431424132211344422224224
2322414111221421441214342441223143114314421423213222343113411232421411321422122421112322121212224242121142121223134413233142331321324222432133214241212213123111423424321113423424234134241422244444344441424424433442223331
1332142321411221121123111111333341231221112121411343423424433243321312444414244324313113144244413444323442423332412322114223222133332243143122423333423214444324242124132223333221422424443341334343414344313434234222214414
1234331433431322333112143222434244444143443343323142314211131223341321233324134133213114113212331324421223411131314244133332122242412113312321213314141244231314214421111332414311433244214442212413434242421344234122141334
4223224134411442124114331213442231441241432444132243342341331213111144331344313222411111411423122114442231141413134112332411222143143224334121443344111244131143312114313141431323312221231431114112222343441211313114442121
3424412413321343342414221122221312421313234441114114233432414121444142333224331412341221334444342242142341313132432134422112121243344234322412324211333431131234133214142214342132141212133433232344434342311431231422114422
4123212333311211341312223423144431212413324222322413311321121343221442131321321231334333124444421132421413233322424332214341142242241224411421321331143244313122331222242414241414133442241324124324221242344134242334142212
2442113341124122111414343413121224214121311142443422131342343334424424213123221134141222241114123143442121223232211411424222122333221234242334232233214323223114442413232131442122244332442443423414422243422121233341333442
2112323423342321114314212111422122111423441431341143311411422242231434133334223313123112411344124143213143424323133132134114343111334244241313232132241244324412143221443323231243114114131442221421132233142341321424234434
3413443342321434411223242343131114234334242331322413111224331213432113132442243224234213141211443144411324111233143332411324313213422111441224313223414331213333221132122133121313121223441223313443323411344433341314224241
2212423213442312342222342322341422143244144241111321123412341231133334332223234233224121342344421211341332342311124342422413333233213234231232244124342442311242333143442124211322324444142332432314344343411311411212411241
