8557668766766775776586877767756756657665655877588588776777567757766566788788676777888688566765778857886566686565657785857875656887587555665866778756887855855685758858887676676656657678785668856588858885788866657858787876
5676658565676668668658575567875676788555575577877557758665655886765756877658656686865665878758576886688856885767866575858756755665677776786788568786586557678578668766886888756885777655885776775668667887667786665856857787
6655667556768878587556665575858767655575577766785685756765688757676588566875886555755756675556578568667657886878757576658655657565575578768668886785865777687555766855577765755877785677688886657565775878677585857886768665
7875888667677788788778665588555558767868657766787865775586566687788656555578786586768678867685788675685778675667887557858857685877757778756887666757568666665765865558756668855555755566588556588585557788775668758776678875
8865556688665566758667555585885855886875775658666588858666875756578687665687567576857875686877785867768576668888568878555855866776867577678675875556667667758775575665787765557785687685857765865586565856876775876666788765
7558875586866667777858787575888678775787758767576555587768575875565655555758586585758856757676788667765877685575758678656888657876685778555655778558657656855875678688558866588855865878577555658685855877767887677577665568
8685776767686556858676666578586566585766785887578585877788756575666777675778668688568776587757665576558566887685587676857785568858857876567756886857568778556678777666867875575567757755755758757877777666557765666866777878
5677657667877666867667586868588868667786865665775688685688676578568768566658665576657887756777776586667875668767888656855668866775788757556557857576756875875687657888887867758656788668768885555777655587757756777875887855
7787878657668556768765777657856787757555786787866757588756867558675757865658788658767768888688868888856658877776767786867765888567858875786557687868565887778576668886665868665677876585557876568786678777576576887565577678
7656567866567676586687555556657577865585687585755656767787688875887566588666575567667576578568586688665777568676756767677578768758876567677888788855856858758758856555786657688678668777765785575576885686768888656777555775
5888877676678586778557855865765858556885755558575767758857575578755875665875787878587775688877857788665876676655785686866658887668866678765786785766775656667576885656588888687555666567577866656676875756577886667658565775
