1443141432421242433244233141331222314432222331242221233112133212434432222212412233334114314424423312323424431113123241211231141443411422432422113242232311421321114141414244223313124443431222321132221232312422141334331223
1131111144241313412334444231121432334133321311333221312123114114333132423222131433111213341311333311113413321412231443132334422132121441113143234312223333224231411124313343414212323443143214332321343434221341412113413223
2233223312141242333132413243112431211411111112431421423444223231344334113411131124324411232432244231413123432314232422131342132413323111243121232114214332413433241442241343123243131123143122111422221434114313341244443242
2421123432414423241422341342111341231442423424231333412311222443441442314113332431122333212324241344144134432332314421224411242313244111433213322414112333443212221124132443444314432212234333411331131241234231241423314224
3144224341212223344131234321142423313443444242142413133124442313424144433143443114112224322413112211411221332433234313112422434232322432242133423324314322223314212441114212323413144144133123241333131223212442212242131441
1131432121332334331142311241444212233112213211131312222232432322341142121221423142321133344442433432414112112124144234122234313113243431334423114434132214422114123141413111211112223431431331431424323324123313221141344244
4443323441321323231432313241441243444423433434414332332444243313333311123124343341414332233144321221241213242213242244444424142241211123411123344442441324434133114313121421333131442142113434314321131234443132412221241131
4231342221122121333444142212114134344441241443431122222131231342433123212223231141111143334233121312431344313211343411241231441143142343242332221432343333142233232331112434212331131214123234114213222322444324444114224322
2433242113242323422334142442333231111231432442132231422323131131232424414443432223421324124111233414221231441343432223132141132342413121424144111341124213423331313121211414322244434233144314443124434234312141332322331114
1232313234331341431424113314232214422313413234132214142142222212131311223244434223233243224241442232222414324142121133142423412223332142221231214142123133211234223434221123121341421244241311112142213311444413114243114221
2431233212232124213441231211322432341324412423213224131331111442234311222342434221141441341234141243414223332143444344133142411123444213433422131213224113244333122134312431242321241323431144232123444213421241444124241442
