5577776688656756777876555855655588675576677675668586665556886555675865866575676885766576588766657785687866685586756878657775768658577876757787666757766657656757586757685566567865877555686876756567666566868687566866878666
6666678777787777876776777657788656588568576576686775775766667577665587556555785667785885656885676876675765578787567875665777885565775757565777675886568888665686785758766676577787558686665886667586667677665866658587588657
5765785566768875575686586865878766878667868576878685555586858668868775588665776578868566677587768756755656657587875875667765767667888588675778678885756666878687855877575877775785866657555575877576778657788886776577866577
8685885658768865888868686577676867668655668677577555568667557765658878566858775878567888878676886678688665788685668555567788685577858655558588656768665856556776655685688655786658588885655788886565666768867675578768585675
5885866768857868586666788558875765677567886877556575677588586678676756666668885785565588555878565857657655758555766588577858665576675667657555685887588666857855555655565666587758865575866587856868657687565588587557755886
6665778556767655785776787758757557776656886888686557875866666668557755555656885665575656778765678855766776656787867658876776658578688886786575668666887576858655575886866567656766766875757765658786568686685675688578857876
6866657785776776677578765565875677585656558566677658775776668888675877858556875868858686856566657888578768656587776665757686786557687788566556686678568686785668566857667555576786686566688565768886586667688578768857655858
7867678855768875755878665768886856585785766666565858675858557856867578885675576577555577678576567588886866656588658655665876776677555587657666685685677885766558778658787665556587555867678866868588687855765885577756768577
8576568856756875587858876668788578767586865868866688885687675865558675565586868567776757656858868656866766857675758876855578885555886588787866586587555785877657768765765865665656675878885556885576878678855786758887688578
7867588585587867557675676758665867686567578767755585775658667777766857677787856666855867686855668788578657875585756677756578765555788765765886578685576786887678588767685677585665676656668766877866687855665885785775576766
6877685656588868756567658568787888676778568586567678675668565766878756676877885856876558857677877786865787585885756578576876568578868688566686557688665575667576785786868755765676766578756567588675757776855877687677776768
