2444432244132341324122331442321341132223421412423114432231224211212111243411444143424213243133331431443312142442223412414424124214132344124341311243234431421232231113431413342134311212144331434132424441341431332144244312
2241231412344331334312443143242141332244134233131234122134131413213241212414323341312142343223441424331133233441241343342433331213423321212311214441233222444442242132413224413434234344434323243433213213413143223223232214
3122231234314321413122324224331231314214221132143144433314121344322143433113141211144111113341241223244113123423242443231413424232332231442232322441243214444241122311232113213212441233222324113143444134143324212444112121
4221122342132132343441331244143122134211313141112144222114141334342211434334444144134124324342223121212244311422331113211114132232431312422433334314142133141212411341111333142444211423324444332134332231141321212243312314
2444324242213434344222234441142234141112243421242142432441231232312132424421413234341213431111241312221323111414444141323444314334113321233414224334242322132122142421441144331222342114131431244121331113434324422234333342
2312244113423423422322232414141423414333411432321312233323321123242432213443114331142144211112423423343144134142234131432132232343141311324233411224312241442234443222334211224143222432322121122121322343324243444443214421
1113213214214233233331114242332144412314433241223113412142221132212342414241322423441142112341224242144412142244223223133321443234212441432241432242324121421221441211424232442313214321232221342342431221242334112412442422
4332313411341122232124141213242322133421224342211413131341143333211133113132132332443421421243424114344411324141231414434324333324432114243432124221422422333231112342434433223111214212441244131411242143314131224243322432
4223244414234131124231331241242141113311211221413314342113132443334343424123421232214243133133243433141234343413243431333221434122123121122141133221431341143434241221334432323443212414242242412411213241432243221123121114
4124113133412113433241121123114333424233144334241314143344321142241324114433333322312312113334343222234331222343211223411142311342321431322133211423114332232434342233213314323112423311313134232242333242124222211424411424
2413114341442222141223142313421412331112243322343234211211424214211132221234333241244213233111232231131234232442412313342142423411414143314441433324322342241113342421421244213322411214111212122312333332211244341242141441
