5865566655758676665856656586687586785867575667668867675686856757668565777887855678566856767556857555756856687755886665667655677585558578666855555578867868887658676877567566786678678577667556676655858556676857688688758885
5867576777668758755778767858777555678686785868868776757757668556668666886685878677887578876657787657555558866867677888657658756677767758687686558568566665776666888586577586568878675556887767557577856755867755865558565655
5567887655577857765877886857887865568668776778585877585767788555655565676758567775658767566558766576665865856568886765857666776578767566577778585656675676688558868676866557585676575575778775775858888758686555567786568866
8655655877758756787885667765888687887866858855658785675657558767657775687658575866875585886677886777685756576658777568667776658656688575655867555867788787776575667866758757568686685675665865886686775575665757678758878575
7775866677757685688788776657558868768576557768568668656578556658577575675875576787866675667856566775578877567688655857767756678878667686875566558555756757867675575577875868568675767565666858856658877878656566577588675577
8787786856555586575575777656587768766856665657768687887665575686855576768675565867856556785755887687655865585656567556675765886865776858576878775677667555656658685665658586776688685785885858778867888675685685667877876688
5887876688685756585687668585567566688887775586765786858568758758567776558668886788875585565558568656756857688586576656686688767888866875788767675666866885886677658856668855758658588567565868576867767858678878755668657757
8758656855585567868655776686876887788656687886886576868655586777876655555678875755858576768757578567587768767568857757787888866755867758655586555875678858557777877665755567756568675586786688876686786586578877578665766755
8565786766757886778578676868858776656686665856568868878787868687685558577888686768787768568888785887876778687775857758656685687777687875775888588558785657787657656785768567576856558555688775555887765576675577885787888758
5868567577558686788566588675866587556665886665865868875656785767878786675686778856757788786585685575756756785858868856686765878788867768855665885856686857788857577865856777776567586788678656577658758586758858667568757657
6666777777756787885776656866667588765868566558678587878688855557787868857767587867668755887677557756868787788858655775686576678857885576757787756588766677877878585865787685568757667567578687878755578756686556558887866665
