1432142413211333343111311132424422144334314422242344334123443142122441413444434143243434222232321233123344134311423322421333123444223243322214433234423133414221232113422131342311311111112144243433342244332211121343132124
4243441342424113214411132114342241333323332143232444443311124221324443434211231442233143231144112341321444124242313412212414412321122423211241332224434123144132134434313343142123212124222143243333241343424313441423121112
1334243441214123144443314143413231321232244134244142244112214414223243441423112434132212323432122324322141344442343221222223423111114421231113413333331231224211441434441234134234341422211241421122114311414341233122344321
1442323111222223233311333341221211232344411322442312234134212341423343144124332343321411441214232343334242222234213231431132231212421111233244233323143214142341111242313332421142212242422144431333141422442344231113321243
2324414444114334232342413421113114243242131412243121242414311413322441331121141213312432343243221332131342411311234423421343242133322234224424113232431342321132143211434134121244411324323324111434414323142444332211224141
1344243232113332313342223123124422331431324244234412342144323221213244442133412432122342142234214212212214411233314311413432423231443422123422334343142211113213433143234441424113341422334121122421222233441444244411224433
4443243413114111411212211112324124212211131331122242134124342111342121323312144341444413233421331342112241411334411343111134233341244121331443422234142411222342333313313122241444232432142141213141112114343313412231143343
2224414343432312221112112123341142131214141123432124134322212212142112311311313114233134411131333231122432232131113321233423212243323244422133124433332422111223442212431422343331131141311121423423221313213212443234242132
3223324231343124323133321231212324444131214224312223443444123333443143244434431232314422334314441244344113142142131324124443321343241143234233422121422421311242341143431331131434222114423444213442422323334312133344423232
1344432342412432312141123231413333122313342313441331233423214313211312324322411233333411424132422412331241444243124414244234422344431312122122213134342324441113113322412131124144133122312332223344312132343432114233221331
4442122343321344441222414122431321434212111422211331443131442241132411442131434344324432313444233222233421444324414211331113242122112334432213414112312224334423334214221224421422441243312441142434322314144331411424331441
