8856657567856665556878667568787668555876855867867788867588658785888658655566585855788878585576568758557767775778588566866876587587855775666857857675667576568655878576866557656678865667555888768856655575886678768865788576
8877887755678867856587756767777555867576778666667656686556558767755885888585858655568675558585666675685586856887767757575685866687565656888865867588665656567558577885578588677777875578568886786857856568667787687777565558
5888586877866658678565766687676867788787877555765577688567756586866876878686858855857568685768576868557756856567567885888755668665778688565688786657587666665865567678857565586585765556765575558777757678568788676876758557
6588567855576658687755786578855678578688567766668566758856767878876588586578676875655877677875887576665575876868785656777578666558665788557886865656578765868775867576768666885685577568555688657868588787867665575756588676
8786557686687678565866676776877566555768688665576877858677655885565777876868858587567887755857686776558887758778866855778567858585786655876877887588867655867855865758675676768565678885686667556676867878778577887558686567
6688658885685855578775685858757555658856858765856666886866665667557856658776658757557885686686568587588658775855755857887758557676577758686678875767655785555876555555855686776665566586566858565655765888576677656787677666
7768676857785765866587688578766867886787866758558677557766658878786776585586768855768666688575787767556655578585758867688787876867576858858856586668676576877558586787586878875585556768878667668777775585677678877578688658
8586865677587577675657788555885867886857585556568686685855778756665686556868866567576787585877656658875675678786787686656585685765678665866786868786755678565656778585567855857856875588667866587875688677757585656585675775
8568567577568855786857657576565585788668586686577677888668658855655887578577885888588658788586567866766767657586688856558577888575786888765567666667887688577787886568755876577656786857756868785566767757675656566676887778
8586858578667577555885667556758858778657687778588656775858776857765867668875777558765677867787666557877557868658756667555868678775755585775675657558787875756685565577667876766676755786776777565587876876868568556677667856
7887565788888587778557556685767566877857785776887556578758766656878686688788686585776856755558787656576788858576877786887657655555566888885657768865788787777877858666887885775688778885565788668875666665755678678577666866
