3243141144334141422414241232313333113133421141333321311414211314241442231314314143331414432443213332111123124434133221324414421332214434221312313214234113243423332332334211331412132411122411112131122234313434243143232124
3312313232211312314241224414142123332311122413434321122224214321231211332343441342411343344422134324113341221443133424333112214111242244432133214334221233142224443321114444141221422344434343443422314322143241231434233222
1334432224144222324144434122333444223331223121311244224124321431444441213243221442141124214132211432323143213431313324343332421241331321111122123214431324134231411124344411344421324333332322333321321223413333132343343423
1423312411141214322132212422331112331344141131223213134121234343223113312331112231323122233232124144413212121412334311432343423211243144114111321123424131134132234111342223432113442233224124131221314413113413112134111433
3413324324322142123312443314111341221333221241142221131243312424313112421124332233414321113121434412431321314121211223141433234322333132344414443112423211133422112322124413434324433213331231443434114123414413441123311423
4412224343433434342241311443123211133411231432122213223313233444323341223144223433224241141141231422113341243322414341434332232241432233211421143343134313121314224332223332441142413221314422112424434142433133341443312424
2244243232321341324144423321111224231433332124131314214423242143323432324214314141442414234143424214314143121414424214124122322422421322113332214321342324331133114214223341141331414344113322343134411124232324111343323342
3214314411433332441413214422322322411241414243224122322112111223424443242234234443132142131224242243241333142221143324212241311112442222433424431412143424223224214434221231422331243432324442421244423232133133111424121323
4332231321113344334143432344414132333442122332433441341221221431134413242411244141233141214342223144311311114242314434131243122223112123424221343234322443243312142423131311422432221443143123444121323131334443223323444131
4331343113212221214343211341122322143444424443324441344431111423412244132343142443442112223112414122131244344422234214443121144114442122133112432433344312424343423244331122131222331341213144113432343122244243114212311341
1422124221341213131132213224144312111142112213422332321332232234143232113423113444143124424222323224234434113322312214222111414242333314213342424322241234432333442314313231212332231222113132222134431324223142242331342223
