6555788578556565678888667776786665786665885767766885858687677868677886568885766555657855667757755876657566558587656786868555667766556757676687668565775777567558588665887557587665767568886867756676865755758668586576888775
8568588858586568657587755556768585856686576886677567865876587766786658776655658888866855868668556877875855577686656567858756676785666877665768886665778557566885675667658866588686857758666685855568655678855868555676655685
8565685758575657555776777687866685688866686665586658677866785776578668566658565678667578556856557768567857556657878568577686667776588587785656556656677677785768867787777555657887586577667766768585668765758667757557588865
7758768755578555658876578668856588668578788868775865678587568888785675586585555888676686585875756756657675858585688757565585888587886688675785686567768868577777865665578586688765585767755686665667877856675667876578657768
8877878555577777878677867576578585588866577756676878668878565886856667555876876568887756588655885865858857888575685885585867685575887668756785687558885565857855757577577755756658687867856655566657778856665575566788667655
8558866768785866887687675666658786866887558865887586758766587556588588556665766876875676776855566776657786585765676658678768885766578785765665886756865665585668758756588875665676785885667858575567588767575868777578768686
5765877656686855775785656567868788576778866556888666757665575557786585775788867778755578777556558657885788875676887875558687687858778658558578768855888676767576587765576557688586767878586776586757765576668887867777685888
8668856556558657867886656777888878585656667665668767876788768668687878866558675865658877668777656556876788785768657855676856578767586866866556878788887866858565578665785878576855756566658887675556857667678768687575765687
7778686685885778567585586586565885657556677786656866867888558786577687876655665687655656788886778566568655668556657885668587855757658656656857685757568686775766876858876866767557575756775776585688588766577775868558885586
6758557855775776558888588685678577657686888676855555677567875655867578587588655866686788678677665867687888575667657758767867558558865787775768855865768775655758765578577587578858888877568555878688655887567656677655766668
8567777868585785888767565585556656565688877787686778865668587888866568775578567867678685575576575786658858576555757877768688785685578875578785678866556868578888686858566868786578888656775776655876756686758758766556686858
