2323123444134441413243131131124234121133323444124334321323332424223431322432332312314143242343123214122312324444433221424311131223331121421314413322212424241222331423133221433413312413214114423414313324233412443422411141
3114113322321141112323134332214214412424242244444331443121142212313324414142324323112233241143224441333113114432441112221234421213143113412134344212431431413414334233434413131413114221111443344223441414213413234143422444
2211424131144413233344124143123233131334243332413322144212342332233142134414343124213413341144134321412413314231331223123442331214434414244412214331411334234111123114311243323431424311343242244113143333121244234124113131
3411411134424411413442243141431412132441334311312241133413421133134431421432142324111212342314212344312311244421434332411311224244232114341214232442113122332344141242232422134424442131132241442324242412231441112214242143
1443331344342413122243133143432441223343213433423314421221322314334443143211421232243431322113223433114141323134224112241121433313124341431441443223134324214423134214122123333424212432224333233334334412344234131434312141
3334413142443141133242344323132444214224331333134412223243444421312312322342212141123344424432331112121421242113231223123122432214131434243143414431432433142233222423441312142132131133223444412234143243333314342212443411
1433131412321112343233341442324141234413432124121311434234422314221241413211112141441312144134331144231341412341332322142134244232422241442324424411123321321134143324412123431122332444334424113322144224442314241243244413
2343413334213341132343411433431314124244214131432322212321223113122111111221242134414141444232222324412131231121312131313321214341322111214313324342243214141232233212341314422332214321342224322311113224321413143222112121
3114114431123121314414322312414234331244331141322213314224124221414234334142234323424313213314213114213411242421334314242444432221242443244114212434221113224142114234342324423442134132141324313143221433132243314141212342
4324421144144213333221443122442241413344444432312113243241143324322341411434113334421223421443213411421312221211244122313424234441143334131414114243233424222221213414433222342112332144143343121224144444122241343332443322
3423432313441234313312143234213223444233131214313241314314124432324222121243243413413122414324343432411443423422333413234424324144341231341411423244224423323341432443234133342344213424132214212221432221212434441314141122
