1122333123113224412431113431412423322124311244111214123311314322124433321433231114322113312242213242111321322213144334243221413141411324412144421123221114421131234331442241222412442424433323132212143211434423112311242231
4414413433234312323132323112214442311123441244242232111442423243421313323214411234222443423234313112414312423233122131422323113132122223313432441413443121331422234243231233422112421243411224331342212214222131144412124113
2131441133114133434414141121324222121121113344144423242124313112441312244444423241313332143422441443222113431414232244244142244114313333422143312223214334131232323143211111443221312131144324143234142333343324321412312133
3431323114241331311114311424343132333444442243442321331143411231442143341224312223243332212111422214231122113113114124112313132434244433223311241222411433343213221224223344133244131344242341224411413122114424341333332222
4324344113413221214312442134341323444224241313231123223212244213132131114443321422234231141212242432123432423232212431333244431332421341211214433244424143311123112334122212244242212122232222341322131311223414313443441113
3441123211222221312331313142221342412243223212413314243323434234343433131344244431443142312413212433424434122334334142441423124321342222242323431321133424413323113122344134433144144344122112232322414333334311314344134244
1444332111331241233112223322243214231234323143313433131223222423411122432211143232244322113433441313334311241334113142243232431331141411212211423423321224343431144341414442223243223232233221314424114111212422142211343441
1444442121421243121321342321342123314112443342121412344243223131223121414133214312421413223233411244342314444134143342131312314214442212112221143423223224243342442121332322211231321114421334311122431442123421313311221441
4311123122313133141123243243311334423444233323232142421141411224242113141334311233333231344414241212434343414443214243331233111141211131342142221214311223314442444113434323341223211244312331112434211311314214422232222314
1423122342212231443132124141212344112231212243441342231113123344413121143233432444133221423433233424123322422132233324441131321112424321223123313121413214412432423421242424411221313414412143114212213442213441434111141311
4241343422431131214141143144141324324421112412332432133442343333322314111223143313333114321314231311343133213434133232342414113143231344114414421142241133114243421331413224132113131243432141341321144113312412434323441424
