7556778766876665588555566885666587576786756857775866575657878878566768776876565758775786876788566588766855685687775565888777866776887565776776767866685575888876856757588888555877856677658766677875885688858885657767775575
8887685757567885865776657655687857775558885856585677686568656687877577885557558566675655785688677555857878657858756866787677587656868578567777857788755677686886685655588587557887857576786567777855675668858658887577787585
8666576866555866765585856866555787765868857868888666585775777875856778868575578675866876885678778775656577668856765687855557878576565575587878686567757656766655857766888868686658688887556865668556776686577867858885855687
6567567755586766566665868886868556588567558575666767567856588556765678887878677866857657757557875785586878675756658666868687688665768567585856587655668778875685578555577555755766768558675657887765875778785577766888575685
8558866657576655657856887568568686876886657785775668577858888588766868765788865756677878565656767556586658568556676578568667587775686688685665885587668766776755587866587688877655868865666766765576875676878588886657655656
8857585568586887575565885586558668765867657665855886756887865758878877786555768577678577555568778768867665866766575676885877686766876566578778857587876666587856766556678676667786686778765858785765876756687667757768866866
6778586558857767667857676887677577656787587557566858666758658785575858686565788587766885576576675668877785876686757858576668787675868785565558785757686586878875878865788558555555556665657858788665686558567786665767575688
5786767587887685657875767865767886857866877568667786655758687678576668776757867686565568857888785675686787877586786786757685867886586768558766855578876568668567758857585775565757576578585676755676668668758565558855667688
7578586876775855687786557767555657675578877655867667657565875768766586676758666565856675787785586866568758757668855866788555575857577867867575755776757876576568867568687688586568578866557578867655877887665857587887577758
8756788878658886688887657785767657666788666685678556688656555886778886778678666656866757857667676668876766577586765585876777775877758867655678776868658558776655868676676585575675557788655785586855665586555686665585558686
6888685886755767855757875888767687768586665855757765556658766685558878586865886887858875768576865578867658868678777857776865555666875576678588778866758886556868866558667566555765575755755865567678775785767657766566565857
