1232244322421124231311114411314323411414133122142211322234324212442431414121223134441412423221342311423441213144221341221231224312241211333142334141212223223311234122244344442324334131114433313333141141144241424121422412
4114334244131114334141421331244333124214221343414323322323432431434234242142343342114124213111121232434234133431332244222312443332331222231441321242221141422211333214312131433113124133134341432331131414333444141321121343
3133222323312422342313411333143344421432143224213331211332344443334134424233223441143331441141142441142334124333411214232124434343132231143324241133214244243322224212212244223432321434442232441433331113211314334143322432
4421413214123321144312114122313131143441222432132141343412141131422114133442433233134333332331113332324423244431333423423344113144124112312111223232312433444233122241334141144143223412242332144412113243134143444143124231
4421222211133341143232221411324242111131441312141144212114331334323333231413111431112342222431212134412221441321143211233111444312141313112221421334314334232111434444223123413433241331221321142333324224333123431443122431
1323312233133414422443424223113442414312443431134311132212434341134344142313143323222142132431334421223211211414413212411422413224212332443342311324424223331233341411132413241312324233312224211431111232322324314122131122
3243234322324133142233442321344122222322343413414223344233413212422312333143443424314232142314114221332213114422133114144232132131124343412131131432222131441342213242432123414113442234141311123412323231413111422434413322
3211422424131423124432143414413431144224113114221213132344434231433441242311232113321143422313322244134133233232124142314421321133314214113121331122242344221321413423414111114114131412241234122112442141343142441331331424
3231442213233343314142114414432321114342314343334434212322111211341222412322122441333413114113431214431432422221344423124423341333433123224332213211241324232312131134424134141143431231332242312414224441121422143344312221
1221433444222323124441442334212214341211344431313123131432431211211122134143421413232121144232212331234421434412431114322311331424123233342113344314433424441323224342423324241213211244334411414324334222444143214314414432
3431223422213312312412342311412422222144133334124143331232411431214342112214111233433234122414433324333443443432424343324144434141224121342233144414334133432332134332322313434112211122323434243444324134114322413444444211
