5687866885676788566688767565856666677656855766768687675666557555566687776878668866657876855878885887865766576586776868867778875678768766667778587876665666765686585558577578887568676686576568866877687758567586857566558767
6577868786676757756687666565558776688867785657868878656855865655755577657575767787686578566776878555757557668767875767555677668665666858565567865787788855885768877558765876767758858878687868577866655758767656686787555585
5587657775556685775857585858588577876566877778567766767778557755757686765876867557665688676567567557568575876556658867868678557656655786586676587578667888878785568655757788678856657567585577867857568888676866778788677576
7668885777778767788866887666666856658855785887858856776568886858755688568568667867556886577788576575776685558875677777585855778587657767878785886576676856787667676888667588755668675776868855658677656768566756666775858665
5786586678776777885866578858877676557586585686768566657567577675675557865786888576668858857758756656656755756667665755787787675758666587655677586877785668878675688688566565687787867765757777678657767857758885555585786857
7678765567787786888556558858585765558586555775685675778567655568655858858677868586777886677855856658658786577878786578857668658858867856676867775776566866578855877886586588875678776555576586576877577677885856765688785885
7668786657688875867566775666576778576856867658858677587787785767865678758758557855766575888665788865856885756678757557675777787588766887575856685765656577657656587565778885588865866577786765678688786558776588755666687857
8587685888577566576785786858756655865675858677888587566855585757885668786788787586758557886785757768665767588778785575586876756885765887687757657666878578677776558678587588788575675788588687757866658575858887666556567578
7557656588657786776558855765578555755578777556867876588778585676867665675768765858658868787787668787558875586558886776877675858866876886685676576887867657867888775587857586586756687668658557565576758687677685666857566578
6877756775557757876577557888756788656875878778588556685866556776857876855765878856575787878888557686887555667678857557656566768758678678558586775768575556756658666578876766778576885867787587767558756566868866677565755788
7658568658767557558658578658875675888775755775555856856656886757556886587785665865556667578578777676657566766868566558585775677667576777755776665858555778886866656575866567855575787675787576878755577856666877675687787775
