3112113132124341121334243213222221243431242144244341332324244423322113231433111314122144224422342413142111112422241333122142112331221433332344321221241211211132412243344333334332132121211423241244143141434423421442331312
4312211214141434324424144323334413422413114122421434113211223232222123234312244112324424424344142143213122412432124422141221413111242412313414422133234124324111332242143143211234142131333442132421123111113144331411312422
3244231233131414333233233224422444243141422124422341342114243231144332133411111141231244243223443324314341244312132412422431342224221121423111132132314343413114111224211424344123321213213332221322224243121431332144341211
3133313232324333324441224243134212243133311341332131244312224233214124143344333444342342444143133212242314312211411431223244333312141441243212431312234312332334424114141423132212341342112111322424142111212324321142241323
2334321131242224222333411132444321321122413223413413141321224131343214343311211421341432111343144214344324332213413234112442331141324114411314441244233332431112221314321341443124332124122314231233321421423421132232121444
3144223311334114442211243341132443233444233313211243432424324234312414222123242134433413212211221223221334434233141311222421124344241444413241234113134414212422133341324244234311341414331413324114312134112123123334422324
3132334411314414214333442114213232221133114143124311412221224324444223141314342434343111333434144433421324122433432322244221131212322143241333411141414433414141331442341422114241124132344341312131443112214344223434312431
2424414213131342313144111342323234131422442124144231321132223213212331323342423341144221233124344144431242422214434321434143244434433212431333124321421332221114114133323422121122131213231112133413333113143112333444221111
2331414234211442333224244344244133224144311124411133411434314244433333323312224242344212144342332133312111214141423241242143342232431121431341331334424141224331241442132123344341432124111444133211414142334432343212123442
1312242234433312423123224123444123111433413322324222224232212441221133221313342443333222334331112341344211143433233441112344422441211113414442341313414134442223321444231114314331123313424312413332432331113242312424133414
3211212443433142211111241411333141333314232123233441312321322342213131131213113113441232131132244211433422242444333241244444414323111323333432142433111414132222233441411113131414142134332334413224424144333141242314141444
