8577756767668687775666776666775767565875766678687585665768586877885877567585655578678687667878867656855888787586767866675688555877885857557588688655585588668775768555668578656757585875755785876787788755656777556687675777
8775555867566858577657665887675868775587885587786785786778778557687557655588586585778678657766576778778778856567766588577667755587568757768565576686866667778757868756656677786688577885657688765586778785755788756776686668
8577658775566856865587788778567668888656557788576555885787587566875556767888657868757865555878875585867687788778778557757857577557586775768658865678767878566855655678877888558666767568588886855557576875887677585656778857
8686777768656678577857767586777856658587568877877688655567857867657568857558787758875887567857655766765786577665876558857577855856555755876586657586557567586578856587856656555777856777767776678566776767686567578575577656
6666575768885687766768576758668755765687858878757567686775855585665775887685566857678776768568557576686876678767586885865676687875888868656667767566888788858787586885885875866885876567666767685786786678778866876557658776
7765555588555758858566856856876766785875885587785666788878886886876586685678786778668768566868757578856757875566578687787756586865778565878578787785775688555756765577686668558587756665787867565786686657575775886676575675
7587667868666877586858856556686886666788886585866677556678686676765578765685765687688758665565878568678868865586558866767877885586558756866658885667888855856655755877856767767687788575588688666875765676788888686656885887
6676878568578657686667755757675867885767577787757675588785758777875687768665587775556868678885777565756866776656677586566565687655786557655676658655885677765786578766676655676677556666868767676858557775678665775567866657
7556678585877667677657788667666578765868756765666875786755788878675666687888888577887757567756566756856875686787875688757585665676576876668676756568556585866668578857658687758777877858686875786558588787855557675768555867
5775675587555658558767558866758577567788777565777777666655865686786556556567588588555676888566868558765778666656768576788567676566587785667565756657768685878886585668677658785775858766575677665885758656675787855886665576
6668578785786686586857856565558858666787876855688688755857686686875688556557558887768556675657587658767557575556577767557755677767658866856885566677575775878766665757556665557868857678778677856758687578558668878667855557
