3411314233421233232141212431423132414213142422134143133223314321133124221321424434433214213332412423322422214431214414411411214212432324311423113431312324324312231344242131432331243212221244231314213131341432334313242331
2424334223414244441422442222234141241424114224221114214413411322122323112212212244111231333233131212231224134124441341412131233121421414113142214223122413212333233232444214213211132232223231321424241311222122241123124342
1221421243234431223413344243114332144341313142123131424243433142423324144311121114321133343443142144123121424322233112134341441324344224212432331414314131123342242143413124143133332224441211313412222243133344411234431412
2334324323411434213113241442342214411432333443411234143322134223241413344413232134213244112423124222433442221344342344431131122431133344441124233412312322223413143343123243234224412133312331232321314332142234234431141444
2134213433434444213413432223441311141333214143322123212111443243431413214334232322311322434122244221223213343214424133133334243341414424112244213443244122322143232334314344412114142334411124111123231422112333114234231323
3232231342424232311441312413322114234333212112243121223431321221333413134141323221444233231241442234122344323241344444424311122414343311313324422122131321442323132144243442111442233323244421243121124243341442212111321131
2242441323124342111324312312323411214334133122111421114334144133414214344313242414143231141311224133422322133333243222444112223243143434414433431143214443342121334311144142414443412411344423332231331422133232413233112113
3233243412133322123423111134323342413413344231411122323122312343334114334242312241114132424314343144444243412121242441234344131422324311134334144413131332341123331214343421444143242412131113244314341412123331334344424243
1432341444142341334342413144211122442244233422243233321342122322322344111231344343141314123321422442311431333431232111433214221444432323141123134412221413423233443233111313111324344212212243321423212434311412431334142344
3224124133134413222411134412242144122233341141231314333131332121223124214231413213412131131433424221134442232123234443344121143133442344242122233411344223412242224324214224343443313321211141221241244131224134244312324211
1341312324131244144131143114434233143224143231133331423212322434241242431143114314233124232133221114131211421231431214432241423212332341331234241133224343241244112313443122222341443114441421243342431141314241333442233444
