8668868757685888756568658786856668765785767887588878656575655655678557665585668887668875665576868568587868888867777766868775878756876756577655665757656755677787556778858668858867567576776576666778667577557886766868565756
8787588766888688557576557586568886778556656868657577786655687665566656756557876555785768876668677568557886577688657856685758655858867776558855558656858888565588868777685657777687787785587888558668557557687675665856558766
7778566668587775775785767576575755587856686688787688587556885556667857777755656866778787886686565778585558657688555788756867565757565578556765577585877568588677656777688656855665555876666586688657567788776867585568755858
7888867588865568676657757665776577655877667855765686876866678858665676885657677757588677576876777868777567775667675776865678586876786585656877568557655878785756678675557568687555658867678887686576755686775566658876557868
8687775878576567776568885655556588576858857688658657758877755656687575556578658675577566688585665666667885755666575786858768576556675877676868775666866768865857875587676887657765788785866877877777667687568666685657556877
8756676857778665765667677665657785577665575788765688557868876788865666858877658867778787576588667557585575565656858666557885655768578587656868565888688776778686778577866567876877788857576756787666657765886875885556677565
6765868767785855777686675785888758767885686686677868686758565775556568766658566755867656666776775678566576775587788878576578856758566678575667785756865655557756865876665785757555878856576586676855776655588578867887755765
5568578585658567668875768586558766688568565787867677886878866687578866675665786655555886576775787855885558578566677858665876556767768888566876775676768566775658688667676565886885557757577877755875555566857878565868657566
8585758575557777585587667577886756768566755867885787667768668656857866588685575656686555776767776655565858865866577678555567776857888866765877778755758557557885675585788755688567776866886668758687857557685855885565566568
8778776866868688668686786567656767657568676565586557665575658778575567775876756756568566855586686756757786866677786655885777788857686788766857788875585657665857658677787576787655768586576875565568688656756775777865587688
5886557868667858576766877755657688865876867666777866587866867866586888776765788577888875885586865585655757766576656676858868557657585568577566786775565686567557668566758687856656567867867756586677655588875888787577887666
