2122413121212113221123431214111132312122134332242443422344444421123421344334142444231333332342111214112243311114221111441414343413221432332221324143323223234341121214443211243141322423344114443314232143423141134112422234
1132141124321223332333431241142414222114224412122134232241211123422232312344434322333112212422143333224141134232422231233322214421114231343114331144124234332311113143334343131341332121414124424123423331211321333113434432
2121343414211121413242432413331422114142343332133112442423113122131132121241232141121142222342134343333432334324421232314234221132314114143214224142313314434423431124114224232442133421411213444443242224413244141421414242
4122334122222142311144432111324131233133221221231243133112434224243422331444241321144111342242224214213413124114123111333121344424331322213421433321134431242141324144114123141422144124241233324113421412431131433334124431
2243111314341313441212342433111241111114422444311224421243431132124444244314143123332131133424241111213131422143331111241323343332314143341421213222331113433214243341332444423131122211422223411431111432413231324424334131
4433314133212113112322234224431442244331212144212124143331411312421121224243444144343114443214433323441144132431443132144313113143431433421443442414234244433332213434323323322241134132242324433143414421343141233241334233
2313142244243331111222214414414423234422341131314314421234412234341422344122132223342341233144324321334341143431114221132114321213233412332324343233232323322144423142422242144212124122211324231113414132113141321112141222
2332341214224431244111444223442141231244221224134433223332223332313421324124241122242421421421323143444234124324333424213342121221331324231222423114441344411222121442131422411334344122433232321322244143412433141343214442
2124243212112434232223243243414343214444234443211331143412231323411242241441234443223232213441321231344321433334422311343144432314441434423244422313341434243324242121134414232413122312131331343424441343111342311344224341
1424323233423441212131334113411141341243134142124314441333234233141424142243123433221341413341212234123431123131224223234441432334324444223144323231324323133422434424111433121131213234224213442321143133243223244323222424
3333121111343234234244332114211241133123114142244132343324334323441423242314244214244413324214211434331124141444233314413144114143331412321332133223211443323223133123121423133142424411241214231411224211321414414143341433
