7687855875577566578885666665655787787868887768866757866575585877878657877657576785788557767665765775655877755866587565886575687587688887787568565586687775656866876588688887857765686877768856578886865756785858576657865766
8777788587667887765676765565865886577686855677558667555667858865885688865588656775687757686778886885555875577787756685757788567577558556785875575667867885856558576555666877885656778566588667658687655878865568867565778587
8888675875555688785665755765887576867887677875885576787867787665758768567856758777666566778566657767677777887786757577856785557757888575767666558585856765877857675655667667887886655578755857586865785787578565675776665778
8876586557775757765558876776765557788667575887576768777678668855855557685878555587755786656857766667775867585887566657755786766856567776555558876555755668667856676685685557785576758675766578656586666576667675785768755666
6857756677786888888655668576876777675555686567586658855756666768878755885866586678888558666766565678558775588756867666588778785787575777568866785757785778866657867655658555855556776558765865755576788575576658858685665588
7878678766856578878556587766558775755676658577868567586657868587677666556678858875657586588665588668878756756587666868586758878565586688657655775656858587857876587755775657655577585766558658755565768685655868665777865567
5788587868858867876878755878785875855856667658865686557686876688877587665888685676665787567875768557585676778567655765775766878685876657686757585586857576856758765788588668688886586855758577667657867858575775777765586856
8668785565566886766676655657776885588875867756757766675588877855855557685758675567785766786565885578768866875778585688757657666787655867875668866866575685878688666558657787888555687778855888887688858665557585866875885575
7568677567757885755857588886787755858685687686856756675567657675867657878866875577768855655587885758776857675866755675585777666765855576677567767566666858687678855685775767768788658677758757865556866767867575578858788586
5685578887887677656556585555768567675865577577687775787585575875766858766877657568868567656757765686756667685568587887567688665568558556668676586867566668776786777765866775577757766567656868587658756865585875666665688757
7878766856565777577678888887885886775768656555577656575578558856875776666785568678668887865867787578565888885768767655867777855686656678885765868778865655877688678567567787688776557676787585766776755768667766677568555865
