5578758685685557565655766667758876886668757655677866568775687878778566886566755768666688787555557858888875777875675757657875657857777868665767778575657557758785658777755686576675568585887656686566758567578786775858588666
8567588885688668666576785786775858565655567558556588775565586686585855866577755558575585858658575855685567777568588876555758558676667777857655578768568565586687587878756556678686886666576657868767656676785855565768586567
7867588885678565577866756587868788778857767877867755578858855578767888587767558658755586867758777657778567776567686655878768886776557877688558858886586576688788588657756858677777656868865656787578558668678565576887776555
5887885757856785855686757675677757855756565875656658575766788555757857876876856666877868656876888887775768856857685666568667788857577558787565576776858575568868777756877755878878767878875885567858677578556657556887866667
7557876887576768767777655566775776657875578566668667655677885566758866686766856686676667875775886577677758578587886686666678868688767778568557868657566566676568756858676585867788588877775585575557587677858688557565588576
8857557868665886685768675878868668776656566657568568875758786577586865667877577588877855868558576676556756657676765765568556677666585878568857677678786656766768687876587777868685866756668865787855687887566577667777855867
5587867665678857775688585765665775757756677556886555588576688865766588786656875886786676765756765675766765758875585788856758875886678677865565885665576565568687875577677878658876867885586677877865685858668688765566757588
5665758876675566676776885585656586888886556586767767788858585588868656567857887765768675785868885786678678678885787756576655766765786575677777568687556877766865586576757767586578886855776566665576575678878775567766668666
5867767877777586666558788565856555678757868678557576766758586585587676878585555577765878858556685865878686778788867576656556565586887568586557758757876565565856776656568865768686876576787668888657657586677877686776555685
8577856858667668767565868766566885756755785757567858566576876578786675866877768585667655888786756586667785585855756878668686877657888656776568766757658588558665685588568687778876787685668556766565777788558675857877566558
7575666887877687877657776755875758676665788566778866786566778576755888667558766676858565786778655655788657576576668578675885755756588777866677685877787685867788686767575787865558765658678677856656576676878756755576578868
