1331423343341221321322422114111341222331343234234341112244134114313322431312224233441233223243234312113424241113233114414144331313124144342433121221434424241332324114431232211423343323433321322422224144142443442342444414
3314112134142224443134332324144243121322132223221133212312444443114113142434212342243112444443124143433133143131241134233241433112131134342131431142323233311434132224311342411133132214144224234124112213122123233432224434
2232141123141223141341421231433433321434444113344442121122332343233121111212321242413333332443213224342331432313433122314133241343422231143142321322324311111132134341413433443133411313321333444244111414411411243413342222
1133423213242233212223413234444311321334241142313131311431224114132344341414332132113221242212314431223333323231214313121421111343112334413242443423211332144241213342424342342421421243231241424424224442141243133214133131
3413313344134143112421111322324143233423143224342224212233133124314123331143232312211344123211243132211231414232144322341322124431414442222243312212223222231211121433322244244321114441241431341432332413314414431421444213
3111234334243241333133143241211231423343333321322222212144424342344114333434423141242233143422214431412121444111233424114124341213113141321232442311332431142144213334311322331324412222431314133221432414413434434224341322
4342134413142314143242244131323423333233133123431432331213342241414231134333333343332424121211222322234241342424421121344123344123343424412331434322122234314333444144224333133123333422322443342113323421134133341312342343
1342333233422432142112211434434212314221111243143322131113233334342112432232412331442314232122414231231234211343314423132224122213412242342322123121424132144131411314231414421331242333234224423113212113341333341342111423
3232112133343324114324142313332414131221124131412143442432432431233243442334142242411111341231412123211442334134422331413141113213212224324432432414241441421333232232412211342211442121111211234144322144423113214131111242
3322141422123412243311421211242132433131312132323331324231342243234331414134331142144223341423221112223234431444113144321243244214334112311233334213112131132223113343121122414224412134322311242133311413442212413322212231
4111421244122332144343443133421344443332334422432342141423422122333134211322142421342323112222143144313133141224211414314214333132141224213234241334412234233113112241111412214443211241441143411132113312122111413144132241
