8857888778857687877676857656866755876776558768655876565777888756675787686568668578588768867787765776785577867888655858566877878875865655788587758856575566578665876766586567766865885566577785655656755777655557686785757755
8875555685565856567675867868876876777688766655678776687688877677785578776866857676886865676576885686778588765576876865787666656875758555775858656756766878686657755656865867657686565567855778676568576575575866587865867577
5786678575565666768666765585865857867878588856676655686575758765588778756667575585686878855568777668868655686587575788867778587556858856877585886755668878877688877667656676675688578565668676665778877566568675768776855658
6578677587856755867778778785758665658877788768855856668778878877878675757685788886885766887857585868555885666768555556577756856577785758666885685757778586576875586677756686667556685775656556875575687777687675866675586678
7588866587758776678785755675558556686567656588856785585568787585686887755658677667685868676865787687878887676756776656865786575857786678868785568758778556786687568688676888776778688566855666665888786886866576655588558758
7885556776766767586657567657687585678755787778685557866757886777785675876875657857685656586865855876877567655677688777868685675675558758677867875676677888685576558775658765865685676558765757775578675866675788758886558866
5766555755577577675587787675885765567586675766566887656577786566858675768675868678886885876676875578865775575587588775678668568865855765785565777657657556756757767875675566676555755676588758677585566858655857576868857786
5888655855678668666855855576768875557675687685785755556887876668678887668575755867657866878767676766788786565667556775676855877858866587556665568658677558576656678676558575578568587676566886666555775768556565555567677577
5555688867758576685767586768687776765578585575857688756676865587786868588867686756886657786765757786785866858568558866686676555567888667858887766558865577577765656578657855588585868556565887756655778656878755875855778788
7688587856657778867566785576586558558877578857577568768588668778768867685685786765688577885856676655885855665866687777788878587767686875665677668866887666855787587858567588665856667887775876757566568568665787688586877758
5866885858585777556586875767665586687777765865568585666555878866758567588666556885657567565665556777877568578765567687655687865857586557585887866856767687768575877756866665785565885888756655855588888666857865678777765866
