2113222344213142131433314111333422224134143341111143433213132311424344441244231322232141231321222121341232241214331411334232433343134111133311314123331234342234243132211234341233111142113221142244442123122314434322121212
3334234222241232111222341434431134111433242334331234113322133112244222221314124221443132431421313123344232244133412133122412222342411121432143442241331243444132244442244114412442133341343313224322424332114432233134231342
1132143341244414423143333224132412233314111212411343424214144341432441441442122214444144133434242234411122412232244223234134311212222244132312424113431141224344213142222422122111223144431323431213413311122442214234221434
1431332414231314124222414442424111244434232234324321123242344223121412313314243432431411344432442422323121344131114443223411111411314422131141212212231431234242131413412433442444223443213411224333434141121211234233433311
4322311231141331132442144421334211443324411221121421233334133444122232411332312312414423244134114321422422143214243341123424214434324144112342422242422332132441143321422211123413243242222213323442241421141233312131432411
3121232121312144332324213314342431222341332422241311432444323234132321224423432124221114424141444223314232313333221414413344131123313344214324223244433432243424441131221124311442113341442123314213414322132324421414323144
1344314224221331214231434142211313334221424141311241341414332422443142111242212422132442114144222344143213134323434323314222243413331343431243243133331322213323131424432444224333122132222411141114131343324114124213421411
2123223232131231131423342324442414341132434432224421432442334422134444444441422121323341311443321233114113414144323114341434234433444334333413144121321213111432122423431341232122333332432123424241243443321313422411331211
1314141323143241131312141123122342344243111113413411322144444234443331144443431311424412111133242114321313121414232411432231334342442221242441344223211344422242442121213414311334432312212232321323142242331431311231241242
3233221334424431431223422134221133231124414133242322124214214241223244321244311423413343212411121341311343231442214123232434233221142433221321222332121141333234333121332312111114232213414143241134112211441342343112122424
3111132414444343342341242414124321244414414321213344421214323342332124431232133243224132214122342331211331234244331443121124413113123212234411242241341314242224411311134323244311314422223132112224322122321411331233214443
