6555876578557865675665588586866758577667758565576587568556587885558585575655675577867567755676768688858657577575888587588656867667578666585576767875555886775855786886655775586575766867867687876586585657868657657587887788
6557656758776568658678658668855575856657867786767787567567766767887886566578765856566578687678675588656767875566767777577557688686755586768585887786766558787678668787868667557585658568768867657755778665765768577687677775
5857558757658757556755656787888668766755776765567788685757656768868775766756768857555588767766857587766766656777686558666668886855767876658666885757577666666685568555758668577666756676766868676566657585687757575767887858
8668566667657856886587768758655876756766666558765677788856885866586755657668875568855786675785786566578877766588676766556577886785676567576776855676687565586677788887876867688587555788567876755668587558777888775577568678
6886758687667587585588588656865676665776877576775757767676875665886586866567658778876867577588888865788787686656578878855665757768885578667778777657888586785558685867788578566655567886775667778856855768576887566677766588
8667757757675778885856667858766568568587567566555855557777865568578675565776576688657788588565688785558755666877675658768775586558768875568778876658575756585775665666758867585767688666865678656767776775585887578878875655
7855778565585686775657587777776876586756856558866587576758677566887858866575678677786876755668767877668877568588778855575656788687858688688655676778876888686585568857555788676558756867557588685575577668657875685575666877
5678756756657857765868666885587588876767568567668785888586558778668887888665668668575587678656756775766565768758858776887668566767686767755688665656888555755668556586657855856766677657685557656558567568565867566886587567
7556785778685777586687785588665678585877885868877866657857776578888557665867766578865865688878757585587668778657656578876677658668578585655568768887787788868658767586867788566856568787887875667688557666575685757777578885
7667586757578785767757755858758657767568875686557785866858566588758867877667875686657678656585565865888857588777576585676575668686665875887856587566656887756655585776665568556866665865766588565787886675575778775568578668
7887778887656855788888666578566558865785688878788767766565556566756756556565666776585875778657558665777558556688787778578858855665756767556868778686568566575558587585657768777587777758785678855785778658865886878767585865
